# Time-averaged data for fix mydat
# TimeStep v_mtmp v_mden v_mpre
4000 344.304 0.0274529 16.0198
8000 301.012 0.0274529 14.8943
12000 300.503 0.0274529 14.1198
16000 301.137 0.0274529 13.9137
20000 301.481 0.0274529 13.9439
24000 302.692 0.0274529 14.1813
28000 302.519 0.0274529 13.7242
32000 298.887 0.0274529 13.3145
36000 302.339 0.0274529 13.9464
40000 299.466 0.0274529 13.726
44000 300.642 0.0274529 13.7684
48000 300.777 0.0274529 13.3286
52000 301.103 0.0274529 13.1674
56000 300.161 0.0274529 13.3685
60000 300.836 0.0274529 13.4498
64000 300.851 0.0274529 13.7442
68000 300.549 0.0274529 13.6411
72000 301.224 0.0274529 13.5365
76000 301.776 0.0274529 13.4483
80000 299.095 0.0274529 13.4831
84000 301.441 0.0274529 13.8836
88000 300.647 0.0274529 13.8406
92000 300.52 0.0274529 14.2001
96000 300.138 0.0274529 13.9265
100000 297.745 0.0274529 13.1864
104000 300.234 0.0274529 13.6926
108000 298.498 0.0274529 13.7178
112000 298.91 0.0274529 13.7957
116000 301.66 0.0274529 13.907
120000 300.515 0.0274529 13.2943
124000 301.218 0.0274529 14.3561
128000 300.364 0.0274529 13.9947
132000 299.44 0.0274529 13.8801
136000 300.966 0.0274529 14.156
140000 301.706 0.0274529 13.4002
144000 300.988 0.0274529 13.9922
148000 302.651 0.0274529 14.2021
152000 299.749 0.0274529 14.229
156000 299.984 0.0274529 13.9734
160000 302.666 0.0274529 14.2053
164000 298.208 0.0274529 13.7114
168000 301.227 0.0274529 14.6968
172000 300.928 0.0274529 14.0858
176000 299.785 0.0274529 14.3982
180000 300.243 0.0274529 13.8896
184000 299.647 0.0274529 14.1987
188000 300.261 0.0274529 14.0344
192000 299.475 0.0274529 14.0051
196000 299.61 0.0274529 14.2589
200000 300.646 0.0274529 13.9607
204000 300.757 0.0274529 13.9183
208000 300.668 0.0274529 14.4165
212000 301.199 0.0274529 14.7435
216000 301.927 0.0274529 14.2281
220000 302.043 0.0274529 14.5725
224000 302.879 0.0274529 14.1742
228000 299.446 0.0274529 14.1564
232000 298.872 0.0274529 14.5239
236000 301.404 0.0274529 14.0068
240000 300.073 0.0274529 13.6107
244000 299.247 0.0274529 14.0456
248000 300.768 0.0274529 13.9371
252000 301.138 0.0274529 14.6723
256000 299.157 0.0274529 14.2007
260000 300.251 0.0274529 14.6722
264000 301.356 0.0274529 14.2167
268000 298.835 0.0274529 14.2364
272000 299.555 0.0274529 14.5532
276000 300.193 0.0274529 14.8734
280000 299.75 0.0274529 14.2024
284000 299.595 0.0274529 14.4058
288000 299.077 0.0274529 14.1139
292000 300.574 0.0274529 14.1967
296000 299.522 0.0274529 14.7666
300000 300.597 0.0274529 14.5186
304000 301.937 0.0274529 14.504
308000 300.165 0.0274529 14.7149
312000 299.401 0.0274529 14.465
316000 299.802 0.0274529 14.48
320000 302.58 0.0274529 14.1839
324000 299.308 0.0274529 14.3776
328000 302.347 0.0274529 14.366
332000 300.623 0.0274529 14.1307
336000 301.198 0.0274529 14.3202
340000 298.233 0.0274529 14.1968
344000 298.245 0.0274529 14.4178
348000 300.155 0.0274529 14.3853
352000 299.592 0.0274529 14.7454
356000 298.63 0.0274529 14.3781
360000 298.811 0.0274529 14.3291
364000 300.9 0.0274529 14.2941
368000 300.687 0.0274529 14.5353
372000 300.968 0.0274529 14.3972
376000 300.847 0.0274529 14.2067
380000 299.48 0.0274529 14.3742
384000 301.334 0.0274529 14.4896
388000 300.722 0.0274529 14.2265
392000 300.362 0.0274529 14.1549
396000 298.582 0.0274529 13.7519
400000 301.584 0.0274529 14.3875
404000 300.349 0.0274529 14.0743
408000 300.301 0.0274529 14.1166
412000 300.981 0.0274529 14.4158
416000 299.86 0.0274529 14.1999
420000 300.819 0.0274529 14.5141
424000 299.91 0.0274529 14.3086
428000 299.897 0.0274529 14.3082
432000 301.338 0.0274529 14.1077
436000 298.869 0.0274529 15.242
440000 302.066 0.0274529 13.8276
444000 298.54 0.0274529 14.7486
448000 300.631 0.0274529 14.5442
452000 301.188 0.0274529 14.7856
456000 299.915 0.0274529 14.1401
460000 299.878 0.0274529 14.4427
464000 299.798 0.0274529 14.2911
468000 301.446 0.0274529 14.6641
472000 300.302 0.0274529 14.4037
476000 301.968 0.0274529 14.711
480000 300.08 0.0274529 14.4532
484000 299.7 0.0274529 14.2096
488000 300.26 0.0274529 14.5886
492000 299.767 0.0274529 14.3709
496000 303.562 0.0274529 14.4003
500000 300.514 0.0274529 14.6702
504000 299.423 0.0274529 14.3547
508000 301.514 0.0274529 14.6919
512000 301.305 0.0274529 14.7464
516000 300.461 0.0274529 14.6909
520000 300.465 0.0274529 14.4595
524000 300.008 0.0274529 14.1404
528000 299.235 0.0274529 14.6782
532000 300.314 0.0274529 14.7023
536000 300.648 0.0274529 14.3965
540000 300.787 0.0274529 14.8591
544000 299.97 0.0274529 14.8305
548000 299.076 0.0274529 13.8543
552000 300.891 0.0274529 14.4897
556000 299.987 0.0274529 14.0336
560000 299.096 0.0274529 14.4738
564000 299.934 0.0274529 14.4326
568000 299.66 0.0274529 14.4014
572000 299.791 0.0274529 14.2818
576000 301.096 0.0274529 14.8364
580000 300.536 0.0274529 14.1048
584000 299.619 0.0274529 14.5166
588000 300.452 0.0274529 14.5825
592000 301.43 0.0274529 14.4815
596000 301.516 0.0274529 14.4768
600000 301.558 0.0274529 13.9216
604000 299.249 0.0274529 14.1945
608000 301.306 0.0274529 14.5619
612000 300.947 0.0274529 14.4328
616000 300.763 0.0274529 13.9565
620000 301.224 0.0274529 14.3481
624000 299.946 0.0274529 14.2467
628000 299.643 0.0274529 13.8568
632000 300.478 0.0274529 13.5785
636000 300.236 0.0274529 14.2647
640000 300.984 0.0274529 14.5891
644000 299.083 0.0274529 14.1347
648000 302.256 0.0274529 14.5315
652000 299.035 0.0274529 14.2715
656000 299.65 0.0274529 14.132
660000 299.202 0.0274529 14.4256
664000 300.78 0.0274529 13.9242
668000 300.593 0.0274529 14.656
672000 299.844 0.0274529 13.8894
676000 301.259 0.0274529 14.5126
680000 300.825 0.0274529 14.3014
684000 300.621 0.0274529 13.7963
688000 299.679 0.0274529 14.2783
692000 299.811 0.0274529 14.5015
696000 299.467 0.0274529 14.6182
700000 298.913 0.0274529 14.7318
704000 299.273 0.0274529 14.5243
708000 297.772 0.0274529 14.1938
712000 300.85 0.0274529 14.5658
716000 299.208 0.0274529 14.4919
720000 298.233 0.0274529 13.8849
724000 300.542 0.0274529 14.3184
728000 299.938 0.0274529 14.2876
732000 299.515 0.0274529 14.696
736000 299.947 0.0274529 14.1493
740000 299.252 0.0274529 14.7074
744000 301.198 0.0274529 14.6762
748000 300.011 0.0274529 14.2342
752000 300.977 0.0274529 14.1861
756000 301.781 0.0274529 14.1835
760000 299.332 0.0274529 14.1528
764000 300.178 0.0274529 14.4854
768000 300.08 0.0274529 14.3075
772000 301.311 0.0274529 14.4645
776000 300.128 0.0274529 14.0918
780000 299.353 0.0274529 14.2948
784000 300.783 0.0274529 14.3145
788000 299.811 0.0274529 14.1539
792000 300.305 0.0274529 14.4976
796000 300.76 0.0274529 14.3858
800000 297.866 0.0274529 14.3752
804000 301.804 0.0274529 14.6075
808000 300.428 0.0274529 13.8568
812000 304.114 0.0274529 14.5665
816000 300.099 0.0274529 13.9042
820000 299.857 0.0274529 13.5735
824000 299.559 0.0274529 14.2842
828000 300.702 0.0274529 14.7362
832000 299.769 0.0274529 14.7499
836000 299.593 0.0274529 14.0758
840000 298.249 0.0274529 14.207
844000 300.781 0.0274529 14.5192
848000 301.535 0.0274529 14.6432
852000 300.45 0.0274529 14.9218
856000 301.488 0.0274529 14.2849
860000 298.162 0.0274529 14.5089
864000 300.018 0.0274529 14.5192
868000 299.694 0.0274529 14.4276
872000 299.985 0.0274529 14.2746
876000 300.108 0.0274529 14.5814
880000 300.695 0.0274529 14.337
884000 300.374 0.0274529 14.3702
888000 300.321 0.0274529 14.3736
892000 299.376 0.0274529 14.441
896000 299.422 0.0274529 14.7335
900000 301.765 0.0274529 14.2884
904000 303.444 0.0274529 14.7036
908000 301.135 0.0274529 13.9998
912000 302.346 0.0274529 14.3426
916000 299.813 0.0274529 14.1867
920000 301.182 0.0274529 14.2336
924000 299.64 0.0274529 14.5621
928000 300.574 0.0274529 14.5081
932000 301.015 0.0274529 14.2454
936000 301.888 0.0274529 14.4316
940000 299.39 0.0274529 14.6556
944000 300.852 0.0274529 14.1595
948000 300.765 0.0274529 14.3976
952000 299.358 0.0274529 14.0488
956000 302.771 0.0274529 14.6342
960000 301.346 0.0274529 14.7195
964000 299.883 0.0274529 14.2557
968000 301.921 0.0274529 14.2442
972000 300.723 0.0274529 14.3859
976000 299.979 0.0274529 14.737
980000 298.658 0.0274529 14.4275
984000 299.46 0.0274529 14.6482
988000 298.035 0.0274529 14.4382
992000 301.276 0.0274529 14.3167
996000 298.902 0.0274529 14.8037
1000000 300.236 0.0274529 14.2892
1004000 299.375 0.0274529 14.0851
1008000 302.151 0.0274529 14.2069
1012000 300.984 0.0274529 14.4921
1016000 299.337 0.0274529 14.3538
1020000 300.676 0.0274529 14.3415
1024000 301.372 0.0274529 14.6041
1028000 301.216 0.0274529 14.4171
1032000 299.485 0.0274529 14.4041
1036000 300.305 0.0274529 14.7873
1040000 300.889 0.0274529 14.3455
1044000 301.88 0.0274529 14.3918
1048000 300.381 0.0274529 13.9897
1052000 300.521 0.0274529 14.6083
1056000 298.944 0.0274529 14.2244
1060000 300.719 0.0274529 14.2439
1064000 301.286 0.0274529 14.4408
1068000 301.688 0.0274529 14.4182
1072000 300.553 0.0274529 14.423
1076000 299.98 0.0274529 14.5586
1080000 301.662 0.0274529 14.3009
1084000 299.881 0.0274529 14.4596
1088000 300.78 0.0274529 14.2518
1092000 301.661 0.0274529 14.6074
1096000 300.008 0.0274529 14.2153
1100000 301.257 0.0274529 14.5012
1104000 301.048 0.0274529 14.0956
1108000 299.931 0.0274529 14.6051
1112000 300.129 0.0274529 14.5246
1116000 299.74 0.0274529 14.3128
1120000 299.558 0.0274529 14.2297
1124000 299.92 0.0274529 14.1368
1128000 300.231 0.0274529 14.8012
1132000 300.733 0.0274529 14.7807
1136000 298.899 0.0274529 14.5866
1140000 298.598 0.0274529 14.1409
1144000 298.502 0.0274529 13.8895
1148000 301.961 0.0274529 13.8938
1152000 299.626 0.0274529 14.3744
1156000 301.434 0.0274529 14.5246
1160000 299.935 0.0274529 14.5447
1164000 302.113 0.0274529 14.1256
1168000 301.793 0.0274529 14.2408
1172000 301.531 0.0274529 14.432
1176000 300.54 0.0274529 14.242
1180000 302.1 0.0274529 14.1174
1184000 299.999 0.0274529 14.7458
1188000 299.336 0.0274529 14.4977
1192000 299.56 0.0274529 14.7203
1196000 300.813 0.0274529 14.4511
1200000 298.734 0.0274529 14.4308
1204000 300.242 0.0274529 14.5406
1208000 300.046 0.0274529 14.0404
1212000 300.719 0.0274529 14.4901
1216000 299.796 0.0274529 14.471
1220000 300.701 0.0274529 14.4111
1224000 298.951 0.0274529 14.2528
1228000 300.547 0.0274529 14.4933
1232000 301.798 0.0274529 14.2629
1236000 302.159 0.0274529 14.1854
1240000 300.247 0.0274529 14.2585
1244000 300.128 0.0274529 14.6138
1248000 299.986 0.0274529 14.5906
1252000 301.917 0.0274529 14.9821
1256000 300.004 0.0274529 14.6964
1260000 298.564 0.0274529 14.4
1264000 302.576 0.0274529 15.1303
1268000 301.018 0.0274529 14.3373
1272000 300.976 0.0274529 14.3102
1276000 300.805 0.0274529 14.3779
1280000 300.104 0.0274529 14.5396
1284000 300.328 0.0274529 14.6757
1288000 300.431 0.0274529 14.4126
1292000 301.585 0.0274529 14.5203
1296000 301.461 0.0274529 14.3364
1300000 302.45 0.0274529 14.7386
1304000 301.322 0.0274529 14.8674
1308000 300.467 0.0274529 14.7918
1312000 300.037 0.0274529 14.3812
1316000 300.065 0.0274529 14.347
1320000 301.486 0.0274529 14.2418
1324000 301.973 0.0274529 14.7257
1328000 302.385 0.0274529 14.6193
1332000 299.058 0.0274529 14.513
1336000 298.53 0.0274529 14.291
1340000 301.784 0.0274529 14.3161
1344000 299.282 0.0274529 14.3316
1348000 301.566 0.0274529 14.5498
1352000 301.388 0.0274529 13.9498
1356000 299.195 0.0274529 14.4134
1360000 299.412 0.0274529 14.4472
1364000 300.69 0.0274529 14.4312
1368000 301.538 0.0274529 14.4743
1372000 299.345 0.0274529 13.9447
1376000 300.457 0.0274529 14.1058
1380000 300.132 0.0274529 14.4474
1384000 300.45 0.0274529 14.8345
1388000 301.522 0.0274529 14.4138
1392000 301.642 0.0274529 14.528
1396000 301.9 0.0274529 14.8809
1400000 301.637 0.0274529 14.0574
1404000 300.925 0.0274529 14.7799
1408000 299.632 0.0274529 14.4058
1412000 299.614 0.0274529 14.5715
1416000 300.054 0.0274529 14.2379
1420000 300.026 0.0274529 13.8667
1424000 300.916 0.0274529 14.4629
1428000 300.389 0.0274529 14.4224
1432000 299.319 0.0274529 14.2738
1436000 298.75 0.0274529 14.1743
1440000 299.485 0.0274529 14.2222
1444000 299.465 0.0274529 14.5824
1448000 298.889 0.0274529 13.9645
1452000 301.398 0.0274529 14.3531
1456000 301.644 0.0274529 14.6053
1460000 299.335 0.0274529 14.5337
1464000 301.582 0.0274529 14.5024
1468000 301.494 0.0274529 14.2718
1472000 301.484 0.0274529 13.9866
1476000 300.447 0.0274529 14.1422
1480000 301.468 0.0274529 14.5839
1484000 300.269 0.0274529 14.1296
1488000 299.926 0.0274529 14.3862
1492000 301.45 0.0274529 14.4672
1496000 303.291 0.0274529 14.3373
1500000 299.788 0.0274529 14.562
1504000 299.929 0.0274529 14.3695
1508000 301.302 0.0274529 14.4593
1512000 299.174 0.0274529 13.9901
1516000 300.634 0.0274529 14.1155
1520000 300.493 0.0274529 14.5024
1524000 300.058 0.0274529 14.3284
1528000 299.081 0.0274529 14.4494
1532000 299.745 0.0274529 14.2323
1536000 300.182 0.0274529 14.4425
1540000 301.05 0.0274529 14.0052
1544000 300.969 0.0274529 14.7006
1548000 301.484 0.0274529 14.3771
1552000 299.321 0.0274529 14.2715
1556000 301.483 0.0274529 14.1744
1560000 301.317 0.0274529 14.3756
1564000 301.308 0.0274529 14.602
1568000 299.197 0.0274529 14.3221
1572000 300.177 0.0274529 14.5751
1576000 299.457 0.0274529 14.8214
1580000 300.276 0.0274529 14.4258
1584000 301.008 0.0274529 14.583
1588000 301.951 0.0274529 14.5233
1592000 299.415 0.0274529 14.2351
1596000 298.812 0.0274529 14.2559
1600000 300.291 0.0274529 14.1798
1604000 300.353 0.0274529 14.3396
1608000 298.351 0.0274529 14.4897
1612000 301.149 0.0274529 14.394
1616000 299.133 0.0274529 14.0686
1620000 301.506 0.0274529 14.3447
1624000 300.232 0.0274529 14.1004
1628000 298.855 0.0274529 14.1947
1632000 299.551 0.0274529 14.06
1636000 300.347 0.0274529 14.4579
1640000 300.635 0.0274529 14.2245
1644000 300.585 0.0274529 14.61
1648000 301.828 0.0274529 14.3294
1652000 301.213 0.0274529 14.8079
1656000 299.863 0.0274529 14.5129
1660000 302.273 0.0274529 14.7306
1664000 301.162 0.0274529 14.3984
1668000 299.916 0.0274529 14.0326
1672000 300.129 0.0274529 14.5616
1676000 301.454 0.0274529 14.5816
1680000 301.525 0.0274529 14.7565
1684000 302.005 0.0274529 14.4384
1688000 302.303 0.0274529 14.515
1692000 300.832 0.0274529 14.3624
1696000 300.539 0.0274529 14.7265
1700000 299.377 0.0274529 14.2321
1704000 300.016 0.0274529 14.2356
1708000 299.978 0.0274529 14.5213
1712000 300.567 0.0274529 14.4998
1716000 297.09 0.0274529 14.5686
1720000 299.569 0.0274529 14.2191
1724000 302.491 0.0274529 14.4695
1728000 299.532 0.0274529 14.5213
1732000 300.175 0.0274529 14.3066
1736000 300.624 0.0274529 14.3263
1740000 300.383 0.0274529 14.7793
1744000 301.191 0.0274529 14.5761
1748000 300.975 0.0274529 14.4263
1752000 300.766 0.0274529 14.4304
1756000 299.613 0.0274529 14.3537
1760000 298.978 0.0274529 14.4076
1764000 299.924 0.0274529 14.4127
1768000 299.709 0.0274529 14.2645
1772000 301.12 0.0274529 14.4918
1776000 299.447 0.0274529 14.3389
1780000 299.729 0.0274529 14.4727
1784000 300.571 0.0274529 14.6935
1788000 300.826 0.0274529 14.1825
1792000 301.531 0.0274529 14.1255
1796000 300.409 0.0274529 14.3882
1800000 300.288 0.0274529 13.9949
1804000 300.515 0.0274529 14.6688
1808000 301.295 0.0274529 14.7503
1812000 302.237 0.0274529 14.453
1816000 299.74 0.0274529 14.3494
1820000 300.588 0.0274529 14.6362
1824000 300.248 0.0274529 14.7013
1828000 300.922 0.0274529 14.6103
1832000 301.143 0.0274529 14.2581
1836000 299.964 0.0274529 14.7887
1840000 301.359 0.0274529 14.6223
1844000 300.523 0.0274529 14.5185
1848000 301.373 0.0274529 14.4914
1852000 299.286 0.0274529 14.4244
1856000 301.887 0.0274529 14.3862
1860000 300.405 0.0274529 14.362
1864000 301.914 0.0274529 14.0831
1868000 301.074 0.0274529 14.5475
1872000 299.941 0.0274529 14.4598
1876000 300.79 0.0274529 14.5474
1880000 299.802 0.0274529 14.4483
1884000 300.999 0.0274529 14.4524
1888000 299.975 0.0274529 14.6498
1892000 299.51 0.0274529 14.1509
1896000 299.696 0.0274529 14.2422
1900000 302.921 0.0274529 14.2081
1904000 299.938 0.0274529 14.2059
1908000 301.551 0.0274529 14.281
1912000 300.023 0.0274529 14.3876
1916000 301.007 0.0274529 14.4567
1920000 299.893 0.0274529 14.4597
1924000 299.731 0.0274529 14.4913
1928000 298.734 0.0274529 14.9827
1932000 300.905 0.0274529 14.011
1936000 301.16 0.0274529 14.5692
1940000 299.243 0.0274529 14.3786
1944000 299.173 0.0274529 13.8961
1948000 301.306 0.0274529 14.7188
1952000 299.41 0.0274529 14.1343
1956000 299.273 0.0274529 14.3756
1960000 299.523 0.0274529 13.9788
1964000 301.661 0.0274529 14.8866
1968000 301.462 0.0274529 14.2932
1972000 298.276 0.0274529 14.2864
1976000 300.687 0.0274529 14.2067
1980000 302.091 0.0274529 14.8312
1984000 299.987 0.0274529 13.9893
1988000 299.033 0.0274529 14.1574
1992000 300.905 0.0274529 14.0276
1996000 301.968 0.0274529 13.596
2000000 301.623 0.0274529 14.1075
2004000 300.274 0.0274529 14.0825
2008000 298.64 0.0274529 14.1669
2012000 300.196 0.0274529 14.0504
2016000 298.965 0.0274529 13.9146
2020000 299.696 0.0274529 13.9877
2024000 301.776 0.0274529 14.5351
2028000 300.247 0.0274529 14.4789
2032000 300.215 0.0274529 14.3008
2036000 299.833 0.0274529 14.55
2040000 300.952 0.0274529 14.5755
2044000 301.078 0.0274529 14.2697
2048000 300.009 0.0274529 14.2607
2052000 298.979 0.0274529 13.8971
2056000 300.578 0.0274529 14.4841
2060000 302.562 0.0274529 14.462
2064000 300.593 0.0274529 14.1119
2068000 301.603 0.0274529 14.6465
2072000 298.413 0.0274529 14.3508
2076000 299.561 0.0274529 14.3153
2080000 299.77 0.0274529 14.4524
2084000 300.165 0.0274529 14.2648
2088000 299.746 0.0274529 14.0269
2092000 299.57 0.0274529 14.2649
2096000 300.326 0.0274529 14.9088
2100000 300.279 0.0274529 14.0281
2104000 299.58 0.0274529 14.5389
2108000 300.717 0.0274529 14.6218
2112000 299.099 0.0274529 14.1101
2116000 299.507 0.0274529 14.6722
2120000 302.611 0.0274529 14.6509
2124000 299.759 0.0274529 14.6145
2128000 300.134 0.0274529 14.3119
2132000 302.544 0.0274529 14.4216
2136000 299.899 0.0274529 14.5749
2140000 301.594 0.0274529 14.4227
2144000 299.913 0.0274529 14.043
2148000 299.815 0.0274529 14.0778
2152000 300.66 0.0274529 13.8238
2156000 300.445 0.0274529 14.2611
2160000 299.557 0.0274529 13.7541
2164000 301.013 0.0274529 14.3117
2168000 298.758 0.0274529 14.2057
2172000 300.277 0.0274529 14.4153
2176000 302.035 0.0274529 14.8887
2180000 301.728 0.0274529 14.3645
2184000 299.33 0.0274529 14.068
2188000 299.839 0.0274529 14.6265
2192000 299.84 0.0274529 14.5536
2196000 300.805 0.0274529 14.5409
2200000 299.36 0.0274529 14.1814
2204000 298.476 0.0274529 14.4881
2208000 300.802 0.0274529 14.3742
2212000 299.48 0.0274529 14.1432
2216000 299.954 0.0274529 14.4496
2220000 300.703 0.0274529 14.1654
2224000 300.081 0.0274529 14.5041
2228000 298.721 0.0274529 14.3645
2232000 302.123 0.0274529 14.2961
2236000 300.201 0.0274529 14.0408
2240000 301.097 0.0274529 13.8229
2244000 301.604 0.0274529 14.4019
2248000 300.548 0.0274529 14.792
2252000 301.178 0.0274529 13.9317
2256000 299.631 0.0274529 14.7287
2260000 302.299 0.0274529 14.577
2264000 301.214 0.0274529 14.312
2268000 298.162 0.0274529 14.343
2272000 300.241 0.0274529 14.2635
2276000 300.466 0.0274529 13.8975
2280000 300.96 0.0274529 14.2984
2284000 300.412 0.0274529 14.1041
2288000 301.585 0.0274529 14.2429
2292000 300.138 0.0274529 14.2384
2296000 299.268 0.0274529 14.1172
2300000 301.5 0.0274529 14.282
2304000 297.23 0.0274529 13.8445
2308000 300.247 0.0274529 14.478
2312000 301.488 0.0274529 14.5162
2316000 301.157 0.0274529 14.5522
2320000 300.999 0.0274529 14.3377
2324000 299.219 0.0274529 14.2782
2328000 299.493 0.0274529 14.3905
2332000 300.595 0.0274529 14.674
2336000 300.224 0.0274529 14.547
2340000 300.348 0.0274529 14.537
2344000 301.737 0.0274529 14.4278
2348000 300.168 0.0274529 14.2392
2352000 301.067 0.0274529 14.3332
2356000 300.386 0.0274529 14.4264
2360000 298.844 0.0274529 14.238
2364000 300.001 0.0274529 14.271
2368000 299.114 0.0274529 14.6725
2372000 300.373 0.0274529 14.6006
2376000 300.491 0.0274529 14.2915
2380000 302.473 0.0274529 14.4741
2384000 297.968 0.0274529 14.5464
2388000 302.081 0.0274529 14.1495
2392000 299.539 0.0274529 14.2836
2396000 300.081 0.0274529 14.3673
2400000 299.576 0.0274529 14.1724
2404000 300.438 0.0274529 14.7214
2408000 300.186 0.0274529 14.396
2412000 300.528 0.0274529 14.0917
2416000 300.817 0.0274529 14.7431
2420000 300.062 0.0274529 14.4602
2424000 301.825 0.0274529 14.1181
2428000 300.845 0.0274529 14.3079
2432000 300.29 0.0274529 14.6044
2436000 300.31 0.0274529 14.395
2440000 302.331 0.0274529 14.2834
2444000 301.115 0.0274529 14.4563
2448000 301.212 0.0274529 14.4233
2452000 301.599 0.0274529 14.1878
2456000 300.858 0.0274529 14.1409
2460000 300.825 0.0274529 14.5239
2464000 300.629 0.0274529 14.3652
2468000 301.82 0.0274529 14.8994
2472000 300.887 0.0274529 14.1375
2476000 301.274 0.0274529 14.3062
2480000 301.03 0.0274529 14.0008
2484000 298.341 0.0274529 14.2421
2488000 299.915 0.0274529 14.7437
2492000 298.824 0.0274529 14.6232
2496000 299.856 0.0274529 14.4498
2500000 298.434 0.0274529 14.1367
2504000 299.852 0.0274529 14.5563
2508000 298.443 0.0274529 14.5882
2512000 299.84 0.0274529 14.4652
2516000 301.05 0.0274529 14.372
2520000 300.877 0.0274529 15.0142
2524000 298.666 0.0274529 14.0803
2528000 299.563 0.0274529 14.5342
2532000 300.968 0.0274529 14.1937
2536000 297.912 0.0274529 14.388
2540000 298.844 0.0274529 14.2735
2544000 299.715 0.0274529 14.708
2548000 299.774 0.0274529 13.8792
2552000 298.43 0.0274529 14.5393
2556000 299.62 0.0274529 14.6206
2560000 299.367 0.0274529 14.0097
2564000 300.419 0.0274529 14.248
2568000 298.819 0.0274529 14.1281
2572000 300.879 0.0274529 14.6061
2576000 298.287 0.0274529 14.342
2580000 300.112 0.0274529 14.7143
2584000 301.208 0.0274529 14.1817
2588000 300.484 0.0274529 14.6977
2592000 299.427 0.0274529 14.3748
2596000 300.596 0.0274529 14.8084
2600000 300.407 0.0274529 14.0477
2604000 300.313 0.0274529 14.4671
2608000 298.12 0.0274529 14.2019
2612000 300.721 0.0274529 14.1527
2616000 300.463 0.0274529 14.3932
2620000 300.745 0.0274529 14.1307
2624000 302.262 0.0274529 14.0927
2628000 298.841 0.0274529 14.5965
2632000 297.865 0.0274529 13.8795
2636000 299.933 0.0274529 14.5849
2640000 301.535 0.0274529 14.5199
2644000 299.039 0.0274529 14.2877
2648000 298.935 0.0274529 14.0712
2652000 301.153 0.0274529 14.4486
2656000 300.191 0.0274529 14.5317
2660000 300.284 0.0274529 14.5476
2664000 299.405 0.0274529 14.3953
2668000 299.549 0.0274529 14.3333
2672000 299.463 0.0274529 14.6787
2676000 299.72 0.0274529 14.3302
2680000 299.825 0.0274529 14.4101
2684000 299.224 0.0274529 14.0714
2688000 301.118 0.0274529 14.3784
2692000 300.805 0.0274529 14.1538
2696000 301 0.0274529 14.0213
2700000 300.805 0.0274529 14.1711
2704000 299.13 0.0274529 14.3597
2708000 300.005 0.0274529 14.1314
2712000 299.738 0.0274529 14.1024
2716000 300.638 0.0274529 14.3413
2720000 298.81 0.0274529 14.0597
2724000 300.601 0.0274529 14.335
2728000 301.082 0.0274529 14.5064
2732000 301.653 0.0274529 14.4073
2736000 298.425 0.0274529 14.2429
2740000 299.968 0.0274529 15.0247
2744000 301.637 0.0274529 14.1039
2748000 297.97 0.0274529 14.0633
2752000 300.3 0.0274529 14.0623
2756000 300.185 0.0274529 14.6868
2760000 298.448 0.0274529 14.2501
2764000 300.089 0.0274529 14.7323
2768000 300.761 0.0274529 14.4551
2772000 300.179 0.0274529 14.6059
2776000 300.556 0.0274529 14.3524
2780000 302.648 0.0274529 14.5839
2784000 299.334 0.0274529 14.4555
2788000 300.537 0.0274529 14.5246
2792000 300.712 0.0274529 14.1813
2796000 300.286 0.0274529 14.3882
2800000 301.201 0.0274529 14.4992
2804000 300.644 0.0274529 14.4142
2808000 300.122 0.0274529 14.4019
2812000 300.765 0.0274529 14.1995
2816000 301.016 0.0274529 14.3906
2820000 299.441 0.0274529 14.4091
2824000 299.162 0.0274529 13.9905
2828000 301.066 0.0274529 14.3432
2832000 300.623 0.0274529 14.6187
2836000 298.846 0.0274529 14.0919
2840000 301.702 0.0274529 14.0263
2844000 302.331 0.0274529 14.8366
2848000 298.062 0.0274529 14.0538
2852000 300.543 0.0274529 14.0999
2856000 300.927 0.0274529 14.6005
2860000 301.247 0.0274529 14.1514
2864000 300.156 0.0274529 14.3504
2868000 300.776 0.0274529 14.2836
2872000 300.773 0.0274529 14.4301
2876000 297.771 0.0274529 14.0222
2880000 300.417 0.0274529 14.5661
2884000 301.812 0.0274529 14.3135
2888000 298.347 0.0274529 14.4237
2892000 303.772 0.0274529 14.6511
2896000 299.897 0.0274529 14.3609
2900000 299.027 0.0274529 14.3114
2904000 302.701 0.0274529 14.5068
2908000 300.391 0.0274529 14.4512
2912000 300.943 0.0274529 14.2221
2916000 301.128 0.0274529 14.3422
2920000 300.1 0.0274529 14.2724
2924000 299.869 0.0274529 14.4965
2928000 299.553 0.0274529 14.3703
2932000 301.641 0.0274529 14.3618
2936000 300.714 0.0274529 14.4087
2940000 299.791 0.0274529 14.2941
2944000 299.15 0.0274529 14.8556
2948000 299.878 0.0274529 14.6714
2952000 300.212 0.0274529 14.381
2956000 300.443 0.0274529 14.6958
2960000 300.031 0.0274529 14.161
2964000 299.296 0.0274529 14.2457
2968000 300.314 0.0274529 14.1411
2972000 298.241 0.0274529 14.4235
2976000 301.405 0.0274529 14.5962
2980000 300.323 0.0274529 14.4879
2984000 300.455 0.0274529 14.1918
2988000 299.103 0.0274529 14.3644
2992000 300.001 0.0274529 14.0631
2996000 301.643 0.0274529 14.3571
3000000 301.045 0.0274529 14.3159
3004000 300.46 0.0274529 14.2233
3008000 301.213 0.0274529 14.5565
3012000 299.204 0.0274529 14.432
3016000 301.325 0.0274529 14.2874
3020000 300.787 0.0274529 14.332
3024000 300.256 0.0274529 14.341
3028000 298.918 0.0274529 14.3147
3032000 298.879 0.0274529 14.1701
3036000 301.565 0.0274529 14.6739
3040000 301.101 0.0274529 14.4277
3044000 301.64 0.0274529 14.3718
3048000 301.653 0.0274529 14.4759
3052000 300.039 0.0274529 14.4468
3056000 300.187 0.0274529 14.0002
3060000 300.78 0.0274529 14.0037
3064000 299.265 0.0274529 14.6826
3068000 301.452 0.0274529 14.451
3072000 300.326 0.0274529 14.3493
3076000 301.233 0.0274529 14.5468
3080000 299.69 0.0274529 14.1568
3084000 300.318 0.0274529 14.1916
3088000 298.722 0.0274529 14.5846
3092000 299.772 0.0274529 14.6534
3096000 300.221 0.0274529 14.5535
3100000 299.845 0.0274529 14.3293
3104000 300.905 0.0274529 14.5198
3108000 300.237 0.0274529 14.3806
3112000 299.505 0.0274529 14.4776
3116000 301.765 0.0274529 14.6194
3120000 299.084 0.0274529 14.3641
3124000 301.591 0.0274529 14.2447
3128000 299.881 0.0274529 14.233
3132000 300.025 0.0274529 14.5853
3136000 299.621 0.0274529 14.3588
3140000 300.88 0.0274529 14.4575
3144000 300.268 0.0274529 14.4452
3148000 298.424 0.0274529 14.3465
3152000 300.204 0.0274529 14.5187
3156000 301.309 0.0274529 14.325
3160000 299.297 0.0274529 14.894
3164000 299.132 0.0274529 14.5811
3168000 299.819 0.0274529 14.4251
3172000 299.499 0.0274529 14.2632
3176000 302.914 0.0274529 14.6506
3180000 302.51 0.0274529 14.5827
3184000 299.339 0.0274529 14.6465
3188000 300.514 0.0274529 14.4106
3192000 300.551 0.0274529 14.5932
3196000 300.735 0.0274529 14.432
3200000 298.559 0.0274529 13.9101
3204000 300.664 0.0274529 15.2426
3208000 299.942 0.0274529 14.2839
3212000 299.602 0.0274529 14.2184
3216000 301.327 0.0274529 14.3551
3220000 300.365 0.0274529 14.2539
3224000 299.177 0.0274529 14.5432
3228000 298.948 0.0274529 14.4057
3232000 299.367 0.0274529 14.3542
3236000 299.024 0.0274529 14.312
3240000 301.537 0.0274529 14.4727
3244000 302.621 0.0274529 14.4568
3248000 298.952 0.0274529 13.8066
3252000 298.23 0.0274529 14.0728
3256000 300.954 0.0274529 14.5482
3260000 301.077 0.0274529 14.4261
3264000 300.89 0.0274529 14.5363
3268000 300.62 0.0274529 14.1721
3272000 303.09 0.0274529 14.5195
3276000 299.801 0.0274529 14.0649
3280000 298.326 0.0274529 14.4501
3284000 300.654 0.0274529 14.3042
3288000 298.903 0.0274529 14.8383
3292000 301.181 0.0274529 14.5397
3296000 300.162 0.0274529 14.523
3300000 299.402 0.0274529 14.0358
3304000 298.779 0.0274529 14.4437
3308000 299.374 0.0274529 13.8983
3312000 300.142 0.0274529 14.2392
3316000 299.814 0.0274529 14.376
3320000 300.896 0.0274529 14.3235
3324000 300.151 0.0274529 14.4233
3328000 300.788 0.0274529 14.2329
3332000 299.23 0.0274529 14.4246
3336000 300.072 0.0274529 14.5436
3340000 301.254 0.0274529 14.946
3344000 299.024 0.0274529 14.5798
3348000 299.654 0.0274529 15.0983
3352000 298.78 0.0274529 13.7737
3356000 298.879 0.0274529 14.5269
3360000 298.857 0.0274529 14.3377
3364000 299.74 0.0274529 14.5211
3368000 300.907 0.0274529 14.5693
3372000 300.703 0.0274529 14.4561
3376000 299.978 0.0274529 14.1977
3380000 300.525 0.0274529 14.1969
3384000 301.191 0.0274529 14.4166
3388000 300.587 0.0274529 14.5271
3392000 300.252 0.0274529 14.5013
3396000 299.377 0.0274529 14.5692
3400000 299.728 0.0274529 14.5813
3404000 300.657 0.0274529 14.7376
3408000 301.279 0.0274529 14.6743
3412000 302.086 0.0274529 14.4416
3416000 299.704 0.0274529 14.6418
3420000 300.97 0.0274529 14.3791
3424000 300.278 0.0274529 14.5089
3428000 299.883 0.0274529 14.4365
3432000 299.703 0.0274529 14.1256
3436000 299.944 0.0274529 14.8369
3440000 302.896 0.0274529 14.6465
3444000 300.288 0.0274529 14.6076
3448000 299.358 0.0274529 14.5139
3452000 302.373 0.0274529 14.6054
3456000 301.761 0.0274529 14.4009
3460000 301.1 0.0274529 14.2935
3464000 298.668 0.0274529 14.1987
3468000 300.059 0.0274529 14.4702
3472000 301.102 0.0274529 14.8284
3476000 299.994 0.0274529 14.1812
3480000 300.144 0.0274529 14.3535
3484000 298.929 0.0274529 14.3611
3488000 299.986 0.0274529 14.4517
3492000 301.004 0.0274529 14.7577
3496000 302.378 0.0274529 14.5219
3500000 300.616 0.0274529 14.2528
3504000 299.246 0.0274529 14.3219
3508000 299.841 0.0274529 14.3662
3512000 300.252 0.0274529 14.7468
3516000 299.024 0.0274529 14.7605
3520000 300.531 0.0274529 14.6811
3524000 300.174 0.0274529 14.351
3528000 298.47 0.0274529 14.3211
3532000 302.045 0.0274529 14.5763
3536000 302.165 0.0274529 14.2616
3540000 298.928 0.0274529 14.1676
3544000 298.69 0.0274529 13.9099
3548000 302.14 0.0274529 14.2728
3552000 301.009 0.0274529 14.5424
3556000 301.072 0.0274529 14.6084
3560000 301.69 0.0274529 14.3162
3564000 300.721 0.0274529 14.9316
3568000 301.131 0.0274529 14.3334
3572000 300.18 0.0274529 14.5302
3576000 302.207 0.0274529 14.6238
3580000 300.035 0.0274529 14.4772
3584000 301.262 0.0274529 14.7719
3588000 301.162 0.0274529 14.2852
3592000 300.578 0.0274529 14.5786
3596000 300.414 0.0274529 14.6024
3600000 299.811 0.0274529 14.6716
3604000 299.58 0.0274529 14.3901
3608000 299.295 0.0274529 14.0914
3612000 300.238 0.0274529 14.9763
3616000 298.161 0.0274529 14.5505
3620000 299.948 0.0274529 14.1361
3624000 299.82 0.0274529 14.8444
3628000 300.267 0.0274529 14.3498
3632000 303.553 0.0274529 14.3768
3636000 300.89 0.0274529 14.561
3640000 301.037 0.0274529 14.3392
3644000 300.57 0.0274529 14.9283
3648000 301.436 0.0274529 14.4337
3652000 299.814 0.0274529 14.3692
3656000 300.784 0.0274529 14.6427
3660000 301.103 0.0274529 14.0029
3664000 301.989 0.0274529 14.4637
3668000 300.646 0.0274529 14.4149
3672000 300.41 0.0274529 14.1589
3676000 300.071 0.0274529 14.4827
3680000 300.298 0.0274529 14.7849
3684000 300.401 0.0274529 14.5648
3688000 298.837 0.0274529 14.5132
3692000 299.577 0.0274529 14.0836
3696000 299.902 0.0274529 14.4379
3700000 299.053 0.0274529 14.7561
3704000 298.766 0.0274529 14.1521
3708000 300.446 0.0274529 14.1023
3712000 299.95 0.0274529 14.8531
3716000 300.443 0.0274529 14.2575
3720000 300.678 0.0274529 14.7151
3724000 300.817 0.0274529 14.3254
3728000 300.097 0.0274529 14.6378
3732000 301.283 0.0274529 14.1591
3736000 299.222 0.0274529 14.5592
3740000 299.477 0.0274529 14.5512
3744000 301.301 0.0274529 14.2779
3748000 300.424 0.0274529 14.4188
3752000 302.627 0.0274529 14.451
3756000 301.769 0.0274529 14.3559
3760000 298.677 0.0274529 14.351
3764000 298.096 0.0274529 14.0078
3768000 301.622 0.0274529 14.6044
3772000 300.831 0.0274529 14.655
3776000 299.797 0.0274529 14.0055
3780000 300.393 0.0274529 14.253
3784000 299.79 0.0274529 14.2335
3788000 298.083 0.0274529 14.0238
3792000 300.677 0.0274529 13.9724
3796000 301.334 0.0274529 14.0947
3800000 299.834 0.0274529 14.092
3804000 299.727 0.0274529 15.2109
3808000 300.498 0.0274529 14.3414
3812000 299.806 0.0274529 14.295
3816000 300.136 0.0274529 14.6533
3820000 298.561 0.0274529 14.3214
3824000 301.2 0.0274529 14.2583
3828000 300.229 0.0274529 14.0062
3832000 299.523 0.0274529 14.8627
3836000 300.656 0.0274529 14.5038
3840000 299.789 0.0274529 14.1765
3844000 301.697 0.0274529 14.1609
3848000 299.819 0.0274529 14.8888
3852000 301.817 0.0274529 14.5663
3856000 299.088 0.0274529 14.5895
3860000 301.113 0.0274529 14.1379
3864000 299.314 0.0274529 14.4739
3868000 300.37 0.0274529 14.2442
3872000 300.231 0.0274529 14.5029
3876000 298.856 0.0274529 14.6172
3880000 299.672 0.0274529 14.574
3884000 299.447 0.0274529 14.3358
3888000 300.001 0.0274529 14.3018
3892000 301.147 0.0274529 14.6905
3896000 299.523 0.0274529 14.2947
3900000 300.059 0.0274529 14.829
3904000 300.729 0.0274529 14.5219
3908000 301.311 0.0274529 14.3195
3912000 299.986 0.0274529 14.4597
3916000 301.396 0.0274529 14.4609
3920000 298.55 0.0274529 14.6364
3924000 301.69 0.0274529 14.5849
3928000 299.294 0.0274529 14.3711
3932000 301.143 0.0274529 14.6221
3936000 300.217 0.0274529 13.7581
3940000 301.34 0.0274529 14.8407
3944000 300.614 0.0274529 14.2566
3948000 299.789 0.0274529 14.1224
3952000 299.552 0.0274529 14.2287
3956000 299.072 0.0274529 14.5194
3960000 301.209 0.0274529 14.5664
3964000 300.645 0.0274529 14.2745
3968000 299.814 0.0274529 14.7717
3972000 299.332 0.0274529 14.2311
3976000 301.169 0.0274529 14.307
3980000 299.782 0.0274529 14.2293
3984000 300.024 0.0274529 14.0791
3988000 299.842 0.0274529 14.3838
3992000 299.75 0.0274529 13.9861
3996000 300.251 0.0274529 14.3296
4000000 301.299 0.0274529 14.3053
