# Time-averaged data for fix mydat
# TimeStep v_mtmp v_mden v_mpre
4000 538.175 0.0426182 34.515
8000 300.998 0.0426182 21.7258
12000 300.525 0.0426182 22.5488
16000 300.617 0.0426182 20.8639
20000 300.652 0.0426182 21.2996
24000 298.555 0.0426182 20.5513
28000 301.201 0.0426182 20.5598
32000 299.335 0.0426182 20.6016
36000 299.683 0.0426182 20.6302
40000 298.949 0.0426182 19.7607
44000 299.941 0.0426182 20.2392
48000 300.186 0.0426182 19.3166
52000 298.909 0.0426182 20.0962
56000 301.232 0.0426182 20.1267
60000 300.082 0.0426182 19.4776
64000 298.474 0.0426182 18.4843
68000 301.084 0.0426182 18.4468
72000 299.713 0.0426182 19.7882
76000 298.417 0.0426182 19.9467
80000 299.117 0.0426182 18.5398
84000 301.156 0.0426182 19.7786
88000 299.962 0.0426182 19.9339
92000 300.224 0.0426182 19.2499
96000 299.649 0.0426182 19.3206
100000 301.06 0.0426182 19.09
104000 301.11 0.0426182 19.4134
108000 300.945 0.0426182 19.8196
112000 303.457 0.0426182 18.8756
116000 300.824 0.0426182 19.2818
120000 299.686 0.0426182 19.39
124000 299.844 0.0426182 19.3535
128000 302.398 0.0426182 19.6644
132000 300.662 0.0426182 21.2218
136000 301.038 0.0426182 19.2304
140000 299.467 0.0426182 19.5982
144000 300.467 0.0426182 20.1779
148000 300.252 0.0426182 19.1971
152000 301.415 0.0426182 20.3771
156000 301.43 0.0426182 19.9566
160000 299.299 0.0426182 19.8824
164000 300.833 0.0426182 20.715
168000 301.369 0.0426182 20.5551
172000 300.758 0.0426182 20.5774
176000 300.311 0.0426182 20.7981
180000 299.57 0.0426182 21.4463
184000 297.925 0.0426182 21.1505
188000 298.387 0.0426182 20.6218
192000 298.29 0.0426182 21.0678
196000 299.469 0.0426182 21.3058
200000 300.031 0.0426182 20.7977
204000 300.418 0.0426182 21.7253
208000 299.742 0.0426182 20.2537
212000 301.988 0.0426182 21.198
216000 301.634 0.0426182 20.9769
220000 301.891 0.0426182 21.8107
224000 301.101 0.0426182 20.5089
228000 298.119 0.0426182 20.5224
232000 300.712 0.0426182 20.92
236000 299.577 0.0426182 21.2608
240000 302.048 0.0426182 22.3239
244000 299.423 0.0426182 21.0793
248000 300.362 0.0426182 21.9535
252000 300.028 0.0426182 21.4269
256000 298.121 0.0426182 21.722
260000 298.749 0.0426182 22.4122
264000 301.033 0.0426182 22.0013
268000 300.054 0.0426182 21.6339
272000 299.403 0.0426182 21.1027
276000 300.481 0.0426182 21.7475
280000 298.854 0.0426182 21.397
284000 301.109 0.0426182 21.8791
288000 300.859 0.0426182 22.6703
292000 302.071 0.0426182 21.4769
296000 299.908 0.0426182 22.55
300000 299.908 0.0426182 21.4818
304000 302.244 0.0426182 21.238
308000 299.361 0.0426182 21.5874
312000 301.881 0.0426182 21.4846
316000 302.539 0.0426182 20.8389
320000 302.572 0.0426182 20.4659
324000 300.813 0.0426182 21.7726
328000 301.427 0.0426182 21.4192
332000 299.471 0.0426182 21.968
336000 300.326 0.0426182 21.6875
340000 302.174 0.0426182 21.546
344000 301.652 0.0426182 21.5225
348000 298.285 0.0426182 21.3926
352000 300.016 0.0426182 22.1437
356000 300.718 0.0426182 21.5238
360000 299.303 0.0426182 21.6914
364000 300.123 0.0426182 21.8952
368000 300.149 0.0426182 22.0351
372000 301.8 0.0426182 20.6582
376000 301.886 0.0426182 21.793
380000 299.327 0.0426182 20.8993
384000 301.836 0.0426182 21.7916
388000 301.702 0.0426182 21.4177
392000 301.354 0.0426182 21.9984
396000 299.782 0.0426182 22.2192
400000 300.785 0.0426182 20.7637
404000 299.672 0.0426182 21.1493
408000 301.267 0.0426182 22.0552
412000 300.807 0.0426182 21.8657
416000 301.431 0.0426182 21.8605
420000 301.279 0.0426182 21.4289
424000 301.19 0.0426182 22.3053
428000 301.083 0.0426182 21.2143
432000 298.236 0.0426182 21.6527
436000 298.459 0.0426182 21.3778
440000 301.044 0.0426182 22.5204
444000 301.589 0.0426182 21.9848
448000 299.075 0.0426182 21.4279
452000 299.108 0.0426182 21.1682
456000 299.259 0.0426182 21.3832
460000 299.861 0.0426182 21.4456
464000 300.679 0.0426182 21.9415
468000 297.802 0.0426182 20.3396
472000 300.895 0.0426182 21.3877
476000 301.933 0.0426182 21.5856
480000 299.296 0.0426182 22.1241
484000 300.769 0.0426182 20.9866
488000 298.436 0.0426182 21.8923
492000 301.213 0.0426182 22.411
496000 297.869 0.0426182 21.7804
500000 302.486 0.0426182 21.9064
504000 301.329 0.0426182 21.5392
508000 298.002 0.0426182 21.6643
512000 301.901 0.0426182 22.5471
516000 300.555 0.0426182 21.2949
520000 300.825 0.0426182 21.6785
524000 299.196 0.0426182 21.6264
528000 301.144 0.0426182 21.8774
532000 300.173 0.0426182 21.3958
536000 300.472 0.0426182 21.3515
540000 299.548 0.0426182 21.5727
544000 301.18 0.0426182 21.3352
548000 300.374 0.0426182 21.6781
552000 300.651 0.0426182 21.6697
556000 299.358 0.0426182 21.6956
560000 299.771 0.0426182 21.6054
564000 300.275 0.0426182 21.0877
568000 302.015 0.0426182 21.1556
572000 300.184 0.0426182 21.1214
576000 301.14 0.0426182 20.7276
580000 299.752 0.0426182 20.8179
584000 300.583 0.0426182 20.7467
588000 301.507 0.0426182 21.0986
592000 299.954 0.0426182 21.5431
596000 298.331 0.0426182 21.1058
600000 299.003 0.0426182 21.6891
604000 299.929 0.0426182 21.5799
608000 300.767 0.0426182 20.921
612000 301.273 0.0426182 21.7468
616000 301.193 0.0426182 22.2772
620000 300.66 0.0426182 21.1825
624000 300.173 0.0426182 21.8936
628000 299.829 0.0426182 21.9252
632000 299.973 0.0426182 21.6821
636000 300.799 0.0426182 22.1371
640000 299.94 0.0426182 21.6505
644000 299.151 0.0426182 21.4422
648000 300.828 0.0426182 21.518
652000 300.611 0.0426182 21.242
656000 300.241 0.0426182 21.379
660000 299.053 0.0426182 21.4559
664000 300.305 0.0426182 22.2882
668000 300.93 0.0426182 21.4675
672000 300.803 0.0426182 21.6294
676000 302.726 0.0426182 22.2561
680000 300.593 0.0426182 21.6107
684000 298.824 0.0426182 20.8509
688000 300.678 0.0426182 21.9951
692000 301.859 0.0426182 21.7212
696000 300.837 0.0426182 21.8909
700000 298.09 0.0426182 21.0248
704000 299.186 0.0426182 21.8552
708000 300.271 0.0426182 20.8397
712000 300.495 0.0426182 22.4875
716000 301.011 0.0426182 20.9002
720000 298.643 0.0426182 21.3204
724000 300.183 0.0426182 20.7567
728000 302.407 0.0426182 22.3351
732000 299.464 0.0426182 21.5024
736000 301.26 0.0426182 21.1273
740000 300.795 0.0426182 21.8788
744000 299.072 0.0426182 21.4537
748000 299.066 0.0426182 21.0784
752000 298.836 0.0426182 20.5742
756000 303.562 0.0426182 21.3897
760000 301.292 0.0426182 21.9283
764000 300.535 0.0426182 21.5994
768000 299.986 0.0426182 21.1584
772000 302.181 0.0426182 21.417
776000 300.019 0.0426182 21.4891
780000 299.13 0.0426182 21.1385
784000 300.731 0.0426182 22.0676
788000 298.977 0.0426182 22.3825
792000 300.268 0.0426182 20.1275
796000 299.59 0.0426182 21.262
800000 300.486 0.0426182 21.01
804000 299.819 0.0426182 20.8313
808000 300.802 0.0426182 21.3981
812000 299.219 0.0426182 21.5301
816000 296.379 0.0426182 21.2446
820000 299.435 0.0426182 21.3565
824000 301.527 0.0426182 21.6756
828000 299.697 0.0426182 20.7431
832000 300.127 0.0426182 21.3066
836000 300.363 0.0426182 20.7679
840000 301.258 0.0426182 21.9037
844000 300.64 0.0426182 21.3383
848000 299.99 0.0426182 20.8002
852000 301.19 0.0426182 21.4897
856000 301.114 0.0426182 21.4243
860000 298.769 0.0426182 19.9284
864000 300.711 0.0426182 21.0255
868000 300.593 0.0426182 21.3835
872000 303.014 0.0426182 21.7771
876000 301.108 0.0426182 22.0094
880000 300.058 0.0426182 21.2932
884000 300.627 0.0426182 22.1195
888000 300.501 0.0426182 21.9965
892000 300.579 0.0426182 21.6008
896000 301.477 0.0426182 22.0622
900000 298.467 0.0426182 21.1809
904000 300.427 0.0426182 21.5923
908000 298.947 0.0426182 22.1781
912000 299.546 0.0426182 21.02
916000 300.5 0.0426182 22.4735
920000 298.934 0.0426182 21.8178
924000 300.131 0.0426182 21.541
928000 298.665 0.0426182 21.9092
932000 301.31 0.0426182 21.985
936000 302.647 0.0426182 21.8853
940000 301.558 0.0426182 21.5732
944000 301.128 0.0426182 21.7202
948000 300.169 0.0426182 21.6608
952000 299.347 0.0426182 21.2267
956000 299.955 0.0426182 21.9317
960000 299.729 0.0426182 22.3833
964000 299.697 0.0426182 21.5394
968000 299.425 0.0426182 22.545
972000 301.537 0.0426182 21.7331
976000 299.846 0.0426182 21.2727
980000 300.419 0.0426182 21.9672
984000 299.244 0.0426182 21.2097
988000 298.499 0.0426182 20.8812
992000 300.897 0.0426182 21.4361
996000 300.881 0.0426182 21.3145
1000000 300.221 0.0426182 21.6231
1004000 301.115 0.0426182 22.2367
1008000 299.693 0.0426182 21.8725
1012000 301.133 0.0426182 22.3658
1016000 299.872 0.0426182 21.2404
1020000 299.425 0.0426182 21.2822
1024000 299.184 0.0426182 21.724
1028000 299.745 0.0426182 21.5202
1032000 302.904 0.0426182 21.8888
1036000 298.296 0.0426182 20.8318
1040000 301.422 0.0426182 21.1623
1044000 299.874 0.0426182 21.4864
1048000 300.044 0.0426182 21.567
1052000 298.834 0.0426182 21.2783
1056000 301.55 0.0426182 21.4093
1060000 298.355 0.0426182 21.4729
1064000 301.062 0.0426182 21.5013
1068000 300.989 0.0426182 21.7253
1072000 301.654 0.0426182 21.2101
1076000 301.896 0.0426182 21.2743
1080000 300.63 0.0426182 21.7096
1084000 299.96 0.0426182 20.984
1088000 300.443 0.0426182 21.0334
1092000 300.056 0.0426182 21.7523
1096000 299.766 0.0426182 21.622
1100000 300.437 0.0426182 21.8983
1104000 299.332 0.0426182 21.0784
1108000 298.801 0.0426182 21.0302
1112000 298.138 0.0426182 22.2781
1116000 300.923 0.0426182 21.3327
1120000 299.89 0.0426182 20.8703
1124000 299.845 0.0426182 20.8823
1128000 301.347 0.0426182 21.6235
1132000 301.279 0.0426182 20.9075
1136000 301.104 0.0426182 20.7208
1140000 300.195 0.0426182 20.8214
1144000 298.537 0.0426182 20.3854
1148000 299.937 0.0426182 21.0714
1152000 300.909 0.0426182 20.8663
1156000 301.832 0.0426182 21.1286
1160000 300.264 0.0426182 21.4731
1164000 302.511 0.0426182 21.2013
1168000 301.404 0.0426182 21.384
1172000 299.841 0.0426182 22.2281
1176000 299.176 0.0426182 21.3475
1180000 299.987 0.0426182 21.6746
1184000 300.588 0.0426182 21.2115
1188000 300.568 0.0426182 22.1802
1192000 299.985 0.0426182 20.7583
1196000 300.534 0.0426182 21.4742
1200000 300.322 0.0426182 21.3391
1204000 299.917 0.0426182 21.079
1208000 302.114 0.0426182 21.8575
1212000 301.749 0.0426182 21.4595
1216000 298.599 0.0426182 21.0742
1220000 300.324 0.0426182 21.9986
1224000 299.334 0.0426182 21.0572
1228000 299.191 0.0426182 20.9789
1232000 300.044 0.0426182 21.2961
1236000 301.782 0.0426182 21.9393
1240000 301.548 0.0426182 21.1143
1244000 300.412 0.0426182 22.1988
1248000 301.005 0.0426182 21.4475
1252000 300.835 0.0426182 22.1326
1256000 301.614 0.0426182 20.5694
1260000 299.639 0.0426182 21.2401
1264000 299.746 0.0426182 22.1452
1268000 300.18 0.0426182 20.7696
1272000 300.146 0.0426182 21.2209
1276000 298.609 0.0426182 21.5533
1280000 299.974 0.0426182 21.4423
1284000 302.431 0.0426182 21.9373
1288000 301.398 0.0426182 22.098
1292000 298.769 0.0426182 22.4186
1296000 299.901 0.0426182 21.6205
1300000 300.177 0.0426182 21.247
1304000 301.132 0.0426182 21.1777
1308000 300.559 0.0426182 20.8175
1312000 300.455 0.0426182 21.8036
1316000 299.114 0.0426182 22.128
1320000 301.246 0.0426182 21.0169
1324000 299.178 0.0426182 20.6299
1328000 300.753 0.0426182 21.7148
1332000 301.393 0.0426182 21.5062
1336000 299.951 0.0426182 22.1959
1340000 300.531 0.0426182 21.5812
1344000 300.882 0.0426182 21.8581
1348000 301.442 0.0426182 21.3913
1352000 300.824 0.0426182 21.4348
1356000 300.791 0.0426182 22.0039
1360000 300.484 0.0426182 21.0554
1364000 299.022 0.0426182 21.6123
1368000 299.713 0.0426182 21.4978
1372000 299.243 0.0426182 22.0552
1376000 301.099 0.0426182 20.3936
1380000 300.072 0.0426182 21.5578
1384000 299.8 0.0426182 21.8166
1388000 300.513 0.0426182 21.7888
1392000 300.897 0.0426182 21.1652
1396000 301.633 0.0426182 21.0723
1400000 299.416 0.0426182 21.1557
1404000 298.399 0.0426182 21.6654
1408000 301.372 0.0426182 21.057
1412000 301.435 0.0426182 21.316
1416000 299.992 0.0426182 22.4331
1420000 301.701 0.0426182 20.9518
1424000 299.589 0.0426182 21.4867
1428000 299.842 0.0426182 21.5534
1432000 300.942 0.0426182 22.0315
1436000 302.796 0.0426182 22.3151
1440000 300.677 0.0426182 21.0792
1444000 299.773 0.0426182 21.5331
1448000 300.118 0.0426182 21.7491
1452000 297.96 0.0426182 21.8628
1456000 300.824 0.0426182 21.2788
1460000 300.383 0.0426182 21.0198
1464000 301.036 0.0426182 22.0816
1468000 301.117 0.0426182 20.9136
1472000 301.361 0.0426182 21.4252
1476000 301.218 0.0426182 21.7766
1480000 301.047 0.0426182 20.8283
1484000 300.071 0.0426182 21.6097
1488000 300.981 0.0426182 21.2351
1492000 300.176 0.0426182 22.241
1496000 299.953 0.0426182 21.5565
1500000 300.458 0.0426182 22.0537
1504000 299.855 0.0426182 21.8223
1508000 302.166 0.0426182 21.6505
1512000 300.322 0.0426182 21.2165
1516000 302.506 0.0426182 21.3029
1520000 299.289 0.0426182 21.6445
1524000 300.662 0.0426182 21.4553
1528000 299.176 0.0426182 20.8558
1532000 300.657 0.0426182 21.5792
1536000 300.639 0.0426182 21.1366
1540000 300.404 0.0426182 21.7657
1544000 299.93 0.0426182 21.1923
1548000 298.847 0.0426182 22.2716
1552000 299.839 0.0426182 21.9884
1556000 300.519 0.0426182 22.0571
1560000 300.175 0.0426182 21.6199
1564000 298.987 0.0426182 21.1818
1568000 300.877 0.0426182 21.2145
1572000 301.177 0.0426182 21.8782
1576000 298.752 0.0426182 21.2948
1580000 300.111 0.0426182 21.7866
1584000 298.561 0.0426182 21.0516
1588000 299.093 0.0426182 21.3208
1592000 300.497 0.0426182 21.8446
1596000 301.078 0.0426182 22.0923
1600000 301.185 0.0426182 22.238
1604000 301.852 0.0426182 21.844
1608000 299.758 0.0426182 21.3824
1612000 299.658 0.0426182 21.7545
1616000 300.083 0.0426182 21.9202
1620000 300.399 0.0426182 21.2796
1624000 298.995 0.0426182 22.8693
1628000 300.666 0.0426182 21.5887
1632000 300.984 0.0426182 21.4637
1636000 298.977 0.0426182 21.4505
1640000 301.865 0.0426182 21.9286
1644000 300.771 0.0426182 22.5265
1648000 299.743 0.0426182 21.2887
1652000 301.644 0.0426182 21.3677
1656000 299.188 0.0426182 20.713
1660000 302.35 0.0426182 21.6955
1664000 299.408 0.0426182 21.7919
1668000 301.909 0.0426182 20.8105
1672000 301.177 0.0426182 21.8618
1676000 300.259 0.0426182 21.0567
1680000 300.194 0.0426182 21.8916
1684000 301.573 0.0426182 21.754
1688000 301.992 0.0426182 22.1787
1692000 300.467 0.0426182 21.949
1696000 301.092 0.0426182 21.75
1700000 301.383 0.0426182 22.0792
1704000 299.544 0.0426182 21.2564
1708000 301.867 0.0426182 21.419
1712000 300.424 0.0426182 22.1574
1716000 300.889 0.0426182 22.2111
1720000 301.528 0.0426182 22.1318
1724000 300.661 0.0426182 21.9222
1728000 298.973 0.0426182 21.555
1732000 299.879 0.0426182 21.5266
1736000 300.496 0.0426182 21.7677
1740000 297.733 0.0426182 21.4142
1744000 298.257 0.0426182 22.0342
1748000 298.322 0.0426182 20.4399
1752000 300.146 0.0426182 23.1705
1756000 300.838 0.0426182 20.3409
1760000 299.198 0.0426182 21.5428
1764000 299.306 0.0426182 21.3052
1768000 300.581 0.0426182 21.2947
1772000 300.904 0.0426182 21.5252
1776000 300.799 0.0426182 21.0827
1780000 299.389 0.0426182 21.4993
1784000 301.256 0.0426182 20.8703
1788000 298.469 0.0426182 21.1288
1792000 301.945 0.0426182 20.9908
1796000 300.42 0.0426182 22.2249
1800000 300.666 0.0426182 22.1209
1804000 301.676 0.0426182 22.2083
1808000 301.962 0.0426182 22.0537
1812000 299.803 0.0426182 21.6111
1816000 301.35 0.0426182 21.362
1820000 300.453 0.0426182 21.3189
1824000 298.366 0.0426182 21.3811
1828000 299.277 0.0426182 21.2707
1832000 300.681 0.0426182 21.5068
1836000 300.622 0.0426182 21.3615
1840000 301.144 0.0426182 21.6215
1844000 299.893 0.0426182 20.8885
1848000 301.625 0.0426182 22.1533
1852000 300.337 0.0426182 20.2674
1856000 299.942 0.0426182 21.8475
1860000 299.125 0.0426182 22.2897
1864000 298.583 0.0426182 20.9462
1868000 300.304 0.0426182 21.3503
1872000 303.344 0.0426182 21.0171
1876000 300.351 0.0426182 20.783
1880000 300.593 0.0426182 22.1789
1884000 298.809 0.0426182 21.6737
1888000 300.633 0.0426182 21.8553
1892000 299.674 0.0426182 21.6826
1896000 300.943 0.0426182 22.1085
1900000 301.697 0.0426182 21.6454
1904000 301.064 0.0426182 22.5592
1908000 299.236 0.0426182 20.74
1912000 299.677 0.0426182 21.4688
1916000 301.325 0.0426182 21.3339
1920000 300.3 0.0426182 20.9422
1924000 300.078 0.0426182 21.8417
1928000 301.183 0.0426182 21.6435
1932000 300.971 0.0426182 22.1396
1936000 299.917 0.0426182 21.8765
1940000 300.971 0.0426182 20.6699
1944000 299.721 0.0426182 21.0775
1948000 299.961 0.0426182 21.1358
1952000 299.477 0.0426182 21.5304
1956000 300.634 0.0426182 21.6997
1960000 300.61 0.0426182 21.4676
1964000 299.867 0.0426182 21.6352
1968000 300.71 0.0426182 21.6091
1972000 300.899 0.0426182 22.1248
1976000 300.624 0.0426182 22.3025
1980000 301.332 0.0426182 22.1067
1984000 300.609 0.0426182 21.9207
1988000 300.085 0.0426182 21.477
1992000 300.33 0.0426182 21.1493
1996000 302.302 0.0426182 21.9083
2000000 300.916 0.0426182 22.0745
2004000 298.277 0.0426182 21.3292
2008000 301.57 0.0426182 21.9052
2012000 298.965 0.0426182 21.3109
2016000 300.15 0.0426182 21.5456
2020000 299.132 0.0426182 21.8142
2024000 300.683 0.0426182 21.6945
2028000 299.519 0.0426182 20.9288
2032000 299.667 0.0426182 21.9385
2036000 301.216 0.0426182 22.2115
2040000 301.032 0.0426182 21.5958
2044000 301.439 0.0426182 21.7618
2048000 299.853 0.0426182 21.3661
2052000 299.991 0.0426182 22.006
2056000 302.265 0.0426182 21.7086
2060000 300.852 0.0426182 21.9976
2064000 301.062 0.0426182 21.9805
2068000 300.143 0.0426182 20.9802
2072000 299.753 0.0426182 21.4633
2076000 299.331 0.0426182 22.1941
2080000 298.551 0.0426182 21.3243
2084000 300.2 0.0426182 21.9605
2088000 299.486 0.0426182 21.501
2092000 299.99 0.0426182 22.3176
2096000 299.666 0.0426182 21.1952
2100000 300.284 0.0426182 22.051
2104000 300.096 0.0426182 21.6654
2108000 299.303 0.0426182 21.3952
2112000 301.102 0.0426182 22.2547
2116000 300.966 0.0426182 21.3854
2120000 299.262 0.0426182 20.8551
2124000 300.214 0.0426182 21.6286
2128000 298.166 0.0426182 21.4227
2132000 301.172 0.0426182 21.5394
2136000 298.824 0.0426182 21.1803
2140000 301.452 0.0426182 21.1035
2144000 300.636 0.0426182 21.5351
2148000 300.553 0.0426182 21.0998
2152000 300.083 0.0426182 21.4697
2156000 298.619 0.0426182 21.5687
2160000 299.701 0.0426182 21.8413
2164000 298.492 0.0426182 20.9038
2168000 298.348 0.0426182 21.4496
2172000 301.047 0.0426182 21.8582
2176000 300.516 0.0426182 21.5311
2180000 299.999 0.0426182 21.4598
2184000 299.453 0.0426182 21.778
2188000 298.976 0.0426182 21.6379
2192000 300.279 0.0426182 21.1995
2196000 301.203 0.0426182 21.3885
2200000 299.727 0.0426182 21.8975
2204000 300.976 0.0426182 21.1184
2208000 298.469 0.0426182 21.6781
2212000 302.007 0.0426182 21.3129
2216000 299.412 0.0426182 21.4736
2220000 300.533 0.0426182 22.1057
2224000 300.551 0.0426182 22.6006
2228000 301.396 0.0426182 22.5561
2232000 300.279 0.0426182 21.9527
2236000 302.248 0.0426182 21.7591
2240000 300.019 0.0426182 21.3357
2244000 300.762 0.0426182 21.3484
2248000 300.885 0.0426182 21.9097
2252000 301.178 0.0426182 22.0065
2256000 299.79 0.0426182 21.6695
2260000 299.889 0.0426182 21.3367
2264000 299.809 0.0426182 21.8179
2268000 298.459 0.0426182 20.6622
2272000 300.73 0.0426182 22.1828
2276000 301.185 0.0426182 20.9641
2280000 299.327 0.0426182 21.2264
2284000 300.044 0.0426182 21.7232
2288000 300.576 0.0426182 21.7219
2292000 299.634 0.0426182 21.8035
2296000 302.414 0.0426182 21.9092
2300000 299.473 0.0426182 20.9957
2304000 300.419 0.0426182 21.8475
2308000 298.89 0.0426182 21.1281
2312000 299.537 0.0426182 21.1588
2316000 299.658 0.0426182 21.9884
2320000 299.358 0.0426182 21.9233
2324000 300.852 0.0426182 21.8381
2328000 300.339 0.0426182 21.6274
2332000 300.608 0.0426182 20.8639
2336000 300.091 0.0426182 21.9813
2340000 299.086 0.0426182 21.05
2344000 301.484 0.0426182 21.1802
2348000 299.366 0.0426182 20.9362
2352000 300.891 0.0426182 21.5403
2356000 300.453 0.0426182 20.5686
2360000 300.231 0.0426182 22.1044
2364000 300.321 0.0426182 21.4445
2368000 301.776 0.0426182 21.5797
2372000 300.554 0.0426182 21.6606
2376000 299.745 0.0426182 20.9501
2380000 299.731 0.0426182 21.2846
2384000 302.755 0.0426182 22.134
2388000 300.135 0.0426182 21.6287
2392000 300.688 0.0426182 21.7097
2396000 299.24 0.0426182 21.1226
2400000 301.003 0.0426182 21.8644
2404000 301.149 0.0426182 21.5602
2408000 299.844 0.0426182 21.7415
2412000 301.415 0.0426182 22.4205
2416000 299.21 0.0426182 21.6736
2420000 303.543 0.0426182 21.4477
2424000 300.472 0.0426182 21.0419
2428000 298.946 0.0426182 20.8464
2432000 300.623 0.0426182 20.7772
2436000 300.289 0.0426182 22.0516
2440000 301.505 0.0426182 21.2795
2444000 301.079 0.0426182 21.5162
2448000 301.696 0.0426182 21.8186
2452000 300.28 0.0426182 22.0125
2456000 300.425 0.0426182 22.6697
2460000 301.428 0.0426182 22.356
2464000 299.59 0.0426182 22.1855
2468000 299.222 0.0426182 21.6928
2472000 300.115 0.0426182 22.1088
2476000 302.388 0.0426182 20.997
2480000 299.84 0.0426182 22.2877
2484000 302.107 0.0426182 22.5661
2488000 297.923 0.0426182 21.3209
2492000 299.836 0.0426182 22.8075
2496000 298.861 0.0426182 21.6078
2500000 300.522 0.0426182 21.434
2504000 302.038 0.0426182 21.5231
2508000 300.537 0.0426182 21.2451
2512000 299.857 0.0426182 21.5184
2516000 298.828 0.0426182 21.507
2520000 302.176 0.0426182 22.4856
2524000 299.886 0.0426182 21.7837
2528000 299.761 0.0426182 21.3459
2532000 301.654 0.0426182 21.6586
2536000 301.114 0.0426182 21.0844
2540000 301.786 0.0426182 21.9356
2544000 299.682 0.0426182 21.1367
2548000 301.642 0.0426182 21.8777
2552000 300.15 0.0426182 21.5541
2556000 300.548 0.0426182 21.7725
2560000 299.918 0.0426182 21.3745
2564000 300.525 0.0426182 21.1488
2568000 301.533 0.0426182 22.7921
2572000 299.291 0.0426182 20.6748
2576000 298.258 0.0426182 21.3008
2580000 300.475 0.0426182 22.0267
2584000 299.18 0.0426182 21.9118
2588000 301.413 0.0426182 22.1423
2592000 300.818 0.0426182 21.4673
2596000 301.305 0.0426182 21.5707
2600000 300 0.0426182 22.0206
2604000 301.094 0.0426182 21.5357
2608000 300.455 0.0426182 21.9243
2612000 300.601 0.0426182 21.7041
2616000 299.194 0.0426182 21.9246
2620000 300.703 0.0426182 20.6749
2624000 300.483 0.0426182 22.4457
2628000 300.188 0.0426182 20.5113
2632000 300.276 0.0426182 21.7115
2636000 301.127 0.0426182 21.1108
2640000 300.491 0.0426182 21.6158
2644000 301.185 0.0426182 22.0639
2648000 302.64 0.0426182 21.4267
2652000 299.179 0.0426182 21.1601
2656000 300.183 0.0426182 21.8272
2660000 300.897 0.0426182 21.3906
2664000 299.448 0.0426182 20.6746
2668000 301.932 0.0426182 21.4551
2672000 300.269 0.0426182 21.3564
2676000 301.213 0.0426182 21.8843
2680000 298.779 0.0426182 21.1351
2684000 301.747 0.0426182 21.1519
2688000 301.116 0.0426182 22.1166
2692000 300.839 0.0426182 21.1608
2696000 300.476 0.0426182 21.8272
2700000 301.694 0.0426182 20.6304
2704000 299.114 0.0426182 21.0704
2708000 302.089 0.0426182 21.3967
2712000 299.762 0.0426182 21.0804
2716000 298.957 0.0426182 20.8011
2720000 300.723 0.0426182 22.3632
2724000 301.521 0.0426182 21.3793
2728000 300.603 0.0426182 21.6125
2732000 301.164 0.0426182 21.135
2736000 299.396 0.0426182 21.4501
2740000 298.898 0.0426182 20.4896
2744000 301.97 0.0426182 21.5232
2748000 301.17 0.0426182 20.8299
2752000 300.585 0.0426182 21.3716
2756000 299.971 0.0426182 21.1931
2760000 301.958 0.0426182 21.5715
2764000 300.47 0.0426182 21.2687
2768000 301.82 0.0426182 21.7823
2772000 301.063 0.0426182 21.1382
2776000 299.923 0.0426182 21.2732
2780000 300.682 0.0426182 21.1092
2784000 300.558 0.0426182 21.1482
2788000 298.553 0.0426182 21.3802
2792000 299.977 0.0426182 21.5462
2796000 299.693 0.0426182 20.8232
2800000 297.783 0.0426182 21.5625
2804000 300.043 0.0426182 21.4659
2808000 300.981 0.0426182 20.9995
2812000 300.43 0.0426182 21.3688
2816000 301.465 0.0426182 21.3387
2820000 300.508 0.0426182 21.9706
2824000 299.429 0.0426182 21.0261
2828000 299.906 0.0426182 21.6215
2832000 299.582 0.0426182 21.6796
2836000 301.127 0.0426182 21.4342
2840000 301.961 0.0426182 21.7098
2844000 301.075 0.0426182 22.1903
2848000 299.336 0.0426182 21.1614
2852000 301.71 0.0426182 21.3349
2856000 299.621 0.0426182 21.2725
2860000 301.044 0.0426182 21.0295
2864000 299.86 0.0426182 21.406
2868000 299.363 0.0426182 21.1335
2872000 299.841 0.0426182 21.8697
2876000 300.554 0.0426182 22.0148
2880000 299.969 0.0426182 21.2854
2884000 300.649 0.0426182 21.2364
2888000 299.404 0.0426182 21.1699
2892000 299.664 0.0426182 21.7922
2896000 299.013 0.0426182 21.3668
2900000 299.211 0.0426182 22.0503
2904000 301.248 0.0426182 21.5115
2908000 300.88 0.0426182 21.6944
2912000 301.563 0.0426182 21.4943
2916000 299.78 0.0426182 21.2758
2920000 298.927 0.0426182 21.1113
2924000 301.17 0.0426182 21.7599
2928000 299.818 0.0426182 21.2254
2932000 300.994 0.0426182 21.7262
2936000 298.443 0.0426182 21.3034
2940000 300.122 0.0426182 21.8478
2944000 301.033 0.0426182 21.3819
2948000 300.082 0.0426182 21.6853
2952000 302.165 0.0426182 21.9145
2956000 299.296 0.0426182 21.19
2960000 300.659 0.0426182 21.9854
2964000 302.064 0.0426182 21.8051
2968000 300.719 0.0426182 20.9839
2972000 300.684 0.0426182 22.5233
2976000 302.037 0.0426182 21.6036
2980000 301.49 0.0426182 21.353
2984000 300.96 0.0426182 22.582
2988000 302.731 0.0426182 21.2363
2992000 299.583 0.0426182 21.76
2996000 300.81 0.0426182 20.598
3000000 300.894 0.0426182 21.6939
3004000 299.116 0.0426182 21.4747
3008000 299.452 0.0426182 21.0624
3012000 300.83 0.0426182 21.7205
3016000 299.796 0.0426182 21.5636
3020000 301.514 0.0426182 21.5007
3024000 299.802 0.0426182 20.9016
3028000 300.555 0.0426182 22.052
3032000 302.274 0.0426182 21.0108
3036000 298.633 0.0426182 21.1964
3040000 298.196 0.0426182 21.1812
3044000 299.842 0.0426182 20.5294
3048000 301.188 0.0426182 20.9609
3052000 301.713 0.0426182 21.5106
3056000 300.559 0.0426182 21.6317
3060000 300.392 0.0426182 20.9301
3064000 302.872 0.0426182 21.8776
3068000 301.372 0.0426182 21.2493
3072000 299.013 0.0426182 22.0567
3076000 299.846 0.0426182 22.0246
3080000 300.949 0.0426182 20.9795
3084000 299.315 0.0426182 21.2839
3088000 301.663 0.0426182 21.2951
3092000 299.867 0.0426182 20.5482
3096000 301.349 0.0426182 21.4342
3100000 299.163 0.0426182 21.7397
3104000 300.408 0.0426182 21.9028
3108000 300.665 0.0426182 20.4861
3112000 301.266 0.0426182 21.6236
3116000 300.909 0.0426182 21.2532
3120000 302.037 0.0426182 21.9917
3124000 301.308 0.0426182 21.6138
3128000 300.502 0.0426182 21.7482
3132000 300.059 0.0426182 21.6751
3136000 300.072 0.0426182 22.1457
3140000 300.117 0.0426182 21.2578
3144000 299.637 0.0426182 21.2653
3148000 300.203 0.0426182 21.6859
3152000 301.266 0.0426182 21.781
3156000 300.034 0.0426182 21.4292
3160000 300.205 0.0426182 21.2878
3164000 301.751 0.0426182 21.7373
3168000 300.2 0.0426182 21.1845
3172000 300.252 0.0426182 21.221
3176000 300.427 0.0426182 21.8987
3180000 300.894 0.0426182 22.02
3184000 298.98 0.0426182 21.0364
3188000 302.673 0.0426182 22.2884
3192000 300.828 0.0426182 21.9447
3196000 300.597 0.0426182 21.5304
3200000 299.841 0.0426182 21.9736
3204000 301.415 0.0426182 22.62
3208000 301.064 0.0426182 21.3933
3212000 298.762 0.0426182 21.25
3216000 299.192 0.0426182 21.8069
3220000 298.819 0.0426182 20.8389
3224000 300.627 0.0426182 21.5531
3228000 301.048 0.0426182 21.4892
3232000 300.202 0.0426182 21.7218
3236000 299.505 0.0426182 21.6433
3240000 300.349 0.0426182 22.3549
3244000 301.067 0.0426182 21.5084
3248000 300.163 0.0426182 20.6542
3252000 302.168 0.0426182 22.3912
3256000 300.575 0.0426182 21.5106
3260000 298.967 0.0426182 21.7888
3264000 299.731 0.0426182 21.6441
3268000 300.684 0.0426182 21.3312
3272000 299.356 0.0426182 20.9473
3276000 299.204 0.0426182 20.8312
3280000 300.5 0.0426182 21.7347
3284000 301.719 0.0426182 21.852
3288000 299.606 0.0426182 21.3414
3292000 298.629 0.0426182 21.6346
3296000 300.18 0.0426182 20.8268
3300000 299.523 0.0426182 21.9537
3304000 300.844 0.0426182 21.3695
3308000 299.488 0.0426182 20.5743
3312000 299.204 0.0426182 20.925
3316000 300.515 0.0426182 21.0629
3320000 301.87 0.0426182 21.8714
3324000 300.467 0.0426182 22.4217
3328000 301.54 0.0426182 21.9964
3332000 298.844 0.0426182 21.5631
3336000 301.096 0.0426182 21.2555
3340000 301.487 0.0426182 21.7821
3344000 300.948 0.0426182 20.6409
3348000 301.059 0.0426182 21.7356
3352000 298.312 0.0426182 22.02
3356000 300.354 0.0426182 21.4321
3360000 300.306 0.0426182 21.2532
3364000 300.441 0.0426182 21.1618
3368000 302.287 0.0426182 21.9724
3372000 300.581 0.0426182 21.1595
3376000 299.777 0.0426182 21.3699
3380000 300.01 0.0426182 21.6588
3384000 299.583 0.0426182 20.9919
3388000 300.334 0.0426182 21.369
3392000 300.728 0.0426182 21.1645
3396000 300.529 0.0426182 20.9995
3400000 301.081 0.0426182 21.5878
3404000 298.935 0.0426182 21.202
3408000 300.101 0.0426182 22.2603
3412000 299.189 0.0426182 21.5042
3416000 300.277 0.0426182 21.9812
3420000 301.836 0.0426182 21.3841
3424000 301.721 0.0426182 21.5246
3428000 301.923 0.0426182 21.6396
3432000 300.465 0.0426182 21.586
3436000 298.456 0.0426182 21.1786
3440000 299.761 0.0426182 20.8514
3444000 298.738 0.0426182 21.6415
3448000 302.561 0.0426182 21.3483
3452000 300.269 0.0426182 21.7048
3456000 303.278 0.0426182 21.3547
3460000 300.025 0.0426182 22.0388
3464000 302.279 0.0426182 21.1367
3468000 302.806 0.0426182 21.9236
3472000 300.863 0.0426182 21.8365
3476000 300.214 0.0426182 21.8429
3480000 301.361 0.0426182 21.4699
3484000 299.549 0.0426182 21.0946
3488000 300.2 0.0426182 22.166
3492000 299.496 0.0426182 21.561
3496000 301.661 0.0426182 22.0729
3500000 300.617 0.0426182 21.8693
3504000 301.689 0.0426182 22.4162
3508000 298.749 0.0426182 20.6449
3512000 300.48 0.0426182 21.4845
3516000 298.682 0.0426182 22.2697
3520000 299.502 0.0426182 21.0107
3524000 301.483 0.0426182 21.2905
3528000 301.625 0.0426182 21.1991
3532000 301.42 0.0426182 22.1767
3536000 300.567 0.0426182 21.5169
3540000 301.146 0.0426182 21.7749
3544000 301.01 0.0426182 21.9583
3548000 299.906 0.0426182 20.7819
3552000 300.923 0.0426182 21.2902
3556000 301.811 0.0426182 21.8575
3560000 299.968 0.0426182 21.197
3564000 300.386 0.0426182 21.1519
3568000 301.457 0.0426182 22.4162
3572000 299.948 0.0426182 21.0401
3576000 300.722 0.0426182 21.4899
3580000 298.27 0.0426182 21.6437
3584000 298.82 0.0426182 21.5205
3588000 299.272 0.0426182 21.9149
3592000 300.721 0.0426182 22.0238
3596000 299.781 0.0426182 21.966
3600000 298.853 0.0426182 22.0013
3604000 299.359 0.0426182 21.3495
3608000 300.74 0.0426182 21.8832
3612000 300.165 0.0426182 21.7242
3616000 301.023 0.0426182 21.6293
3620000 298.758 0.0426182 20.9403
3624000 298.506 0.0426182 21.9074
3628000 300.964 0.0426182 22.032
3632000 298.933 0.0426182 21.739
3636000 300.484 0.0426182 21.9427
3640000 300.832 0.0426182 21.1849
3644000 301.204 0.0426182 22.0153
3648000 300.802 0.0426182 21.8665
3652000 301.778 0.0426182 21.5618
3656000 301.128 0.0426182 21.5847
3660000 299.498 0.0426182 21.4483
3664000 301.095 0.0426182 21.6449
3668000 299.257 0.0426182 21.6744
3672000 300.121 0.0426182 21.8599
3676000 299.921 0.0426182 21.0495
3680000 299.733 0.0426182 21.8187
3684000 301.213 0.0426182 22.0023
3688000 301.487 0.0426182 21.3174
3692000 299.794 0.0426182 21.2064
3696000 299.822 0.0426182 20.7381
3700000 299.323 0.0426182 20.978
3704000 299.586 0.0426182 20.9756
3708000 299.506 0.0426182 21.3144
3712000 300.432 0.0426182 22.1905
3716000 298.579 0.0426182 21.2931
3720000 300.733 0.0426182 21.9544
3724000 299.695 0.0426182 20.3274
3728000 300.397 0.0426182 21.3322
3732000 298.709 0.0426182 22.1358
3736000 300.311 0.0426182 21.5046
3740000 299.005 0.0426182 21.7888
3744000 299.777 0.0426182 20.9246
3748000 300.404 0.0426182 21.3608
3752000 299.922 0.0426182 21.1713
3756000 300.934 0.0426182 22.1383
3760000 299.967 0.0426182 21.2192
3764000 301.161 0.0426182 21.3994
3768000 301.448 0.0426182 21.9512
3772000 300.246 0.0426182 21.8235
3776000 301.752 0.0426182 21.854
3780000 301.273 0.0426182 21.4117
3784000 299.106 0.0426182 21.5569
3788000 300.809 0.0426182 21.6356
3792000 299.769 0.0426182 20.9338
3796000 302.33 0.0426182 21.784
3800000 300.407 0.0426182 21.8546
3804000 301.711 0.0426182 22.1991
3808000 299.047 0.0426182 21.4277
3812000 298.586 0.0426182 21.9305
3816000 301.579 0.0426182 20.5167
3820000 300.8 0.0426182 20.8733
3824000 301.323 0.0426182 20.932
3828000 299.2 0.0426182 21.5626
3832000 299.554 0.0426182 20.7841
3836000 301.061 0.0426182 21.7087
3840000 299.042 0.0426182 21.2367
3844000 299.199 0.0426182 21.3758
3848000 300.46 0.0426182 21.6749
3852000 300.345 0.0426182 21.5274
3856000 301.236 0.0426182 21.4326
3860000 301.175 0.0426182 21.0908
3864000 299.113 0.0426182 20.4633
3868000 300.519 0.0426182 20.842
3872000 302.441 0.0426182 20.7788
3876000 300.786 0.0426182 21.2646
3880000 301.094 0.0426182 21.1986
3884000 300.453 0.0426182 22.064
3888000 299.907 0.0426182 21.1531
3892000 299.941 0.0426182 21.1063
3896000 299.584 0.0426182 21.4149
3900000 300.221 0.0426182 21.3804
3904000 301.962 0.0426182 21.6674
3908000 301.021 0.0426182 21.8639
3912000 299.393 0.0426182 21.3295
3916000 300.633 0.0426182 21.5213
3920000 299.142 0.0426182 21.4139
3924000 301.442 0.0426182 20.98
3928000 301.162 0.0426182 21.3134
3932000 300.143 0.0426182 21.8321
3936000 299.401 0.0426182 21.4073
3940000 297.978 0.0426182 21.314
3944000 301.067 0.0426182 21.5028
3948000 300.468 0.0426182 20.8449
3952000 299.355 0.0426182 21.6046
3956000 299.881 0.0426182 21.9446
3960000 300.494 0.0426182 21.3006
3964000 301.41 0.0426182 21.0747
3968000 301.713 0.0426182 21.731
3972000 300.99 0.0426182 21.7852
3976000 300.433 0.0426182 20.3883
3980000 300.133 0.0426182 21.6283
3984000 299.66 0.0426182 21.804
3988000 301.243 0.0426182 21.7264
3992000 301.146 0.0426182 21.6415
3996000 301.792 0.0426182 21.2977
4000000 300.063 0.0426182 21.9938
4004000 301.923 0.0426182 22.4016
4008000 298.684 0.0426182 21.4426
4012000 301.048 0.0426182 21.8246
4016000 301.414 0.0426182 22.0967
4020000 300.344 0.0426182 21.7833
4024000 301.562 0.0426182 21.524
4028000 299.469 0.0426182 20.9087
4032000 300.355 0.0426182 21.1228
4036000 301.519 0.0426182 22.1011
4040000 301.005 0.0426182 21.3788
4044000 300.98 0.0426182 21.5053
4048000 301.009 0.0426182 21.295
4052000 300.478 0.0426182 22.301
4056000 300.91 0.0426182 21.4209
4060000 301.722 0.0426182 21.6942
4064000 300.034 0.0426182 21.4175
4068000 302.003 0.0426182 21.8665
4072000 302.19 0.0426182 21.0697
4076000 298.846 0.0426182 21.904
4080000 300.978 0.0426182 21.2487
4084000 299.527 0.0426182 21.9161
4088000 299.097 0.0426182 20.8527
4092000 300.18 0.0426182 21.9851
4096000 299.622 0.0426182 20.4631
4100000 299.93 0.0426182 21.8118
4104000 300.858 0.0426182 21.5618
4108000 301.009 0.0426182 21.8366
4112000 300.91 0.0426182 21.5119
4116000 301.241 0.0426182 21.8807
4120000 300.976 0.0426182 20.8937
4124000 303.417 0.0426182 23.0861
4128000 300.098 0.0426182 21.4504
4132000 299.81 0.0426182 21.2668
4136000 301.192 0.0426182 22.0061
4140000 300.139 0.0426182 22.0935
4144000 300.251 0.0426182 21.6003
4148000 299.023 0.0426182 21.9359
4152000 299.505 0.0426182 21.0739
4156000 301.957 0.0426182 20.8069
4160000 299.643 0.0426182 21.1404
4164000 298.518 0.0426182 21.7012
4168000 301.119 0.0426182 21.1436
4172000 302.021 0.0426182 20.8434
4176000 300.052 0.0426182 21.0969
4180000 299.433 0.0426182 22.2017
4184000 301.824 0.0426182 21.2833
4188000 301.605 0.0426182 20.953
4192000 300.815 0.0426182 21.8346
4196000 301.409 0.0426182 21.7767
4200000 300.827 0.0426182 21.8454
4204000 301.002 0.0426182 21.9476
4208000 300.084 0.0426182 21.9641
4212000 300.021 0.0426182 21.5981
4216000 300.283 0.0426182 21.6269
4220000 298.994 0.0426182 21.0672
4224000 300.547 0.0426182 21.1011
4228000 299.65 0.0426182 21.8563
4232000 301.064 0.0426182 21.6826
4236000 301.754 0.0426182 22.1496
4240000 301.921 0.0426182 21.2376
4244000 301.087 0.0426182 20.9764
4248000 299.98 0.0426182 21.6494
4252000 298.865 0.0426182 21.5211
4256000 301.276 0.0426182 21.962
4260000 300.621 0.0426182 21.2975
4264000 300.587 0.0426182 21.9532
4268000 301.255 0.0426182 20.6429
4272000 299.861 0.0426182 21.3817
4276000 301.509 0.0426182 22.268
4280000 298.291 0.0426182 21.7818
4284000 301.315 0.0426182 21.8186
4288000 298.462 0.0426182 21.041
4292000 299.176 0.0426182 21.3274
4296000 299.96 0.0426182 22.5777
4300000 299.745 0.0426182 21.0269
4304000 300.86 0.0426182 21.3491
4308000 299.818 0.0426182 21.2353
4312000 300.571 0.0426182 21.2136
4316000 301.04 0.0426182 22.144
4320000 301.054 0.0426182 22.032
4324000 297.704 0.0426182 21.4777
4328000 299.865 0.0426182 22.139
4332000 301.062 0.0426182 21.1477
4336000 302.37 0.0426182 22.281
4340000 300.03 0.0426182 21.2901
4344000 300.386 0.0426182 22.1295
4348000 300.621 0.0426182 21.5389
4352000 300.246 0.0426182 21.9431
4356000 300.714 0.0426182 21.5573
4360000 299.62 0.0426182 22.0819
4364000 300.272 0.0426182 21.5968
4368000 300.444 0.0426182 21.5346
4372000 300.544 0.0426182 22.672
4376000 300.053 0.0426182 21.8271
4380000 301.293 0.0426182 22.9034
4384000 300.884 0.0426182 21.9758
4388000 301.65 0.0426182 21.4195
4392000 300.465 0.0426182 21.9661
4396000 299.276 0.0426182 22.0186
4400000 299.493 0.0426182 21.9154
4404000 300.686 0.0426182 21.9129
4408000 300.891 0.0426182 21.8575
4412000 299.449 0.0426182 21.3835
4416000 299.375 0.0426182 22.105
4420000 299.293 0.0426182 21.5814
4424000 298.584 0.0426182 21.2465
4428000 299.987 0.0426182 21.6043
4432000 299.818 0.0426182 21.1628
4436000 299.957 0.0426182 21.0452
4440000 300.174 0.0426182 21.4609
4444000 301.854 0.0426182 21.8568
4448000 300.43 0.0426182 22.6114
4452000 300.498 0.0426182 21.4053
4456000 302.669 0.0426182 21.8937
4460000 299.881 0.0426182 21.883
4464000 299.8 0.0426182 21.8268
4468000 298.785 0.0426182 21.5011
4472000 301 0.0426182 21.9813
4476000 298.887 0.0426182 21.9528
4480000 297.993 0.0426182 21.4193
4484000 302.073 0.0426182 22.0739
4488000 300.683 0.0426182 21.238
4492000 301.609 0.0426182 22.1292
4496000 300.347 0.0426182 21.3522
4500000 301.158 0.0426182 21.9334
4504000 298.116 0.0426182 22.0998
4508000 299.584 0.0426182 21.8445
4512000 299.655 0.0426182 21.7192
4516000 300.15 0.0426182 21.4029
4520000 300.237 0.0426182 21.7717
4524000 301.218 0.0426182 21.8005
4528000 299.67 0.0426182 21.7867
4532000 298.146 0.0426182 21.3737
4536000 298.61 0.0426182 20.9273
4540000 300.581 0.0426182 22.368
4544000 300.962 0.0426182 21.5167
4548000 299.356 0.0426182 21.5085
4552000 299.297 0.0426182 21.4868
4556000 299.68 0.0426182 21.4657
4560000 301.585 0.0426182 21.8123
4564000 300.436 0.0426182 21.762
4568000 299.431 0.0426182 20.6605
4572000 298.817 0.0426182 21.784
4576000 300.93 0.0426182 21.8301
4580000 300.95 0.0426182 21.3296
4584000 299.455 0.0426182 21.1253
4588000 300.297 0.0426182 21.0203
4592000 299.776 0.0426182 21.4488
4596000 299.033 0.0426182 21.2799
4600000 300.321 0.0426182 20.7977
4604000 300.245 0.0426182 21.825
4608000 300.531 0.0426182 21.9408
4612000 298.635 0.0426182 22.3616
4616000 301.143 0.0426182 20.9823
4620000 300.18 0.0426182 21.6216
4624000 299.613 0.0426182 21.2068
4628000 301.24 0.0426182 21.1944
4632000 299.608 0.0426182 21.5347
4636000 300.799 0.0426182 21.8776
4640000 300.217 0.0426182 21.5186
4644000 299.737 0.0426182 20.712
4648000 298.985 0.0426182 21.4818
4652000 300.753 0.0426182 20.8769
4656000 301.519 0.0426182 21.1753
4660000 300.471 0.0426182 21.0835
4664000 299.487 0.0426182 21.8785
4668000 299.47 0.0426182 21.8038
4672000 299.295 0.0426182 22.0273
4676000 299.908 0.0426182 20.7773
4680000 300.401 0.0426182 21.5965
4684000 301.998 0.0426182 21.6733
4688000 299.273 0.0426182 21.5218
4692000 300.58 0.0426182 21.6421
4696000 300.104 0.0426182 21.755
4700000 299.427 0.0426182 21.5412
4704000 298.668 0.0426182 20.1821
4708000 301.07 0.0426182 21.3874
4712000 300.203 0.0426182 22.0952
4716000 299.643 0.0426182 21.7593
4720000 302.84 0.0426182 22.0089
4724000 300.817 0.0426182 21.7505
4728000 296.791 0.0426182 21.0408
4732000 299.858 0.0426182 20.7858
4736000 298.407 0.0426182 20.3255
4740000 301.216 0.0426182 21.7008
4744000 300.001 0.0426182 21.2178
4748000 301.302 0.0426182 21.1516
4752000 300.651 0.0426182 20.713
4756000 298.934 0.0426182 22.1151
4760000 299.343 0.0426182 21.4073
4764000 299.773 0.0426182 21.5434
4768000 301.103 0.0426182 21.5309
4772000 300.49 0.0426182 22.0217
4776000 299.381 0.0426182 21.3546
4780000 300.963 0.0426182 20.9611
4784000 300.123 0.0426182 21.9246
4788000 299.889 0.0426182 21.3453
4792000 302.371 0.0426182 21.2364
4796000 300.238 0.0426182 20.9597
4800000 300.912 0.0426182 21.9887
4804000 301.305 0.0426182 21.6184
4808000 300.893 0.0426182 21.1658
4812000 300.045 0.0426182 21.1024
4816000 299.73 0.0426182 22.1028
4820000 301.381 0.0426182 21.8804
4824000 300.748 0.0426182 21.2494
4828000 299.216 0.0426182 21.4012
4832000 299.283 0.0426182 22.4434
4836000 300.358 0.0426182 21.32
4840000 299.415 0.0426182 21.4864
4844000 300.868 0.0426182 21.7627
4848000 302.625 0.0426182 21.7115
4852000 299.72 0.0426182 21.9891
4856000 301.784 0.0426182 21.679
4860000 300.802 0.0426182 21.4167
4864000 301.275 0.0426182 21.7483
4868000 300.884 0.0426182 21.5294
4872000 300.212 0.0426182 21.1568
4876000 299.374 0.0426182 21.5254
4880000 299.88 0.0426182 21.7217
4884000 301.256 0.0426182 21.7921
4888000 299.673 0.0426182 21.343
4892000 299.284 0.0426182 21.3821
4896000 300.861 0.0426182 22.0791
4900000 302.863 0.0426182 21.6505
4904000 301.521 0.0426182 21.2329
4908000 301.11 0.0426182 21.5937
4912000 300.741 0.0426182 22.5715
4916000 299.434 0.0426182 21.2309
4920000 301.001 0.0426182 20.3816
4924000 300.447 0.0426182 21.2604
4928000 300.839 0.0426182 21.5257
4932000 299.446 0.0426182 22.1584
4936000 300.941 0.0426182 21.7668
4940000 301.237 0.0426182 21.5421
4944000 298.988 0.0426182 21.8497
4948000 299.668 0.0426182 20.6902
4952000 298.496 0.0426182 20.9883
4956000 300.864 0.0426182 21.8366
4960000 299.825 0.0426182 21.5411
4964000 299.968 0.0426182 21.9235
4968000 298.725 0.0426182 21.5374
4972000 300.862 0.0426182 21.5726
4976000 300.482 0.0426182 21.9325
4980000 301.048 0.0426182 21.872
4984000 300.353 0.0426182 21.599
4988000 301.604 0.0426182 21.6456
4992000 299.989 0.0426182 21.8361
4996000 299.55 0.0426182 21.0311
5000000 300.427 0.0426182 20.8302
5004000 300.567 0.0426182 21.5667
5008000 301.846 0.0426182 21.5587
5012000 299.774 0.0426182 21.6795
5016000 299.825 0.0426182 21.9811
5020000 300.018 0.0426182 21.1777
5024000 300.872 0.0426182 21.8785
5028000 299.912 0.0426182 21.4688
5032000 299.363 0.0426182 21.0374
5036000 302.74 0.0426182 21.6225
5040000 301.182 0.0426182 21.7668
5044000 300.133 0.0426182 21.7768
5048000 301.019 0.0426182 22.3311
5052000 300.723 0.0426182 21.5354
5056000 300.792 0.0426182 22
5060000 300.844 0.0426182 22.0568
5064000 301.522 0.0426182 21.827
5068000 299.228 0.0426182 20.9645
5072000 301.839 0.0426182 20.7542
5076000 301.307 0.0426182 21.6269
5080000 299.215 0.0426182 21.4252
5084000 299.909 0.0426182 21.3966
5088000 300.682 0.0426182 21.0282
5092000 297.901 0.0426182 21.7281
5096000 299.49 0.0426182 21.4078
5100000 300.046 0.0426182 21.3155
5104000 301.008 0.0426182 21.3289
5108000 300.03 0.0426182 22.2336
5112000 299.669 0.0426182 21.9242
5116000 300.151 0.0426182 21.6998
5120000 302.198 0.0426182 21.5521
5124000 303.792 0.0426182 22.9977
5128000 300.283 0.0426182 21.6911
5132000 298.582 0.0426182 21.27
5136000 300.826 0.0426182 22.4802
5140000 299.712 0.0426182 22.0714
5144000 300.568 0.0426182 22.182
5148000 300.194 0.0426182 21.6958
5152000 299.603 0.0426182 21.6615
5156000 299.677 0.0426182 21.7038
5160000 299.634 0.0426182 22.9663
5164000 300.555 0.0426182 22.5202
5168000 301.018 0.0426182 21.4603
5172000 300.497 0.0426182 21.8356
5176000 299.972 0.0426182 21.6968
5180000 301.362 0.0426182 21.7074
5184000 299.79 0.0426182 22.0577
5188000 300.173 0.0426182 21.8914
5192000 300.489 0.0426182 21.4
5196000 299.404 0.0426182 21.1856
5200000 299.052 0.0426182 21.5692
5204000 301.029 0.0426182 20.8722
5208000 298.957 0.0426182 20.7079
5212000 301.711 0.0426182 21.5009
5216000 300.777 0.0426182 22.0042
5220000 301.191 0.0426182 21.3408
5224000 301.712 0.0426182 21.5115
5228000 300.079 0.0426182 21.3129
5232000 300.851 0.0426182 21.289
5236000 300.631 0.0426182 21.4559
5240000 301.863 0.0426182 21.0672
5244000 298.125 0.0426182 21.9008
5248000 301.208 0.0426182 21.5567
5252000 300.229 0.0426182 21.2806
5256000 299.969 0.0426182 21.7175
5260000 299.651 0.0426182 21.3312
5264000 301.383 0.0426182 21.494
5268000 299.227 0.0426182 21.2764
5272000 299.702 0.0426182 20.9709
5276000 300.089 0.0426182 21.5057
5280000 301.216 0.0426182 21.8635
5284000 299.496 0.0426182 21.4723
5288000 300.576 0.0426182 22.1134
5292000 301.753 0.0426182 21.6057
5296000 301.052 0.0426182 22.5599
5300000 301.329 0.0426182 21.1945
5304000 299.564 0.0426182 22.2483
5308000 299.292 0.0426182 22.4319
5312000 300.512 0.0426182 21.7888
5316000 302.204 0.0426182 22.3053
5320000 302.281 0.0426182 21.9846
5324000 301.363 0.0426182 21.6708
5328000 298.997 0.0426182 21.6174
5332000 301.099 0.0426182 21.8987
5336000 299.571 0.0426182 21.9476
5340000 301.376 0.0426182 21.8097
5344000 301.163 0.0426182 21.4943
5348000 300.001 0.0426182 22.2357
5352000 300.52 0.0426182 21.141
5356000 299.281 0.0426182 21.3246
5360000 298.719 0.0426182 21.8067
5364000 299.251 0.0426182 21.2677
5368000 300.451 0.0426182 21.7205
5372000 301.058 0.0426182 21.6847
5376000 300.213 0.0426182 21.0574
5380000 299.691 0.0426182 21.8758
5384000 301.241 0.0426182 20.9384
5388000 299.842 0.0426182 22.309
5392000 302.012 0.0426182 21.1931
5396000 301.078 0.0426182 21.1849
5400000 300.703 0.0426182 21.5402
5404000 299.331 0.0426182 21.2282
5408000 299.843 0.0426182 21.8164
5412000 298.657 0.0426182 21.4138
5416000 299.225 0.0426182 21.1432
5420000 301.264 0.0426182 22.2799
5424000 298.429 0.0426182 20.281
5428000 300.707 0.0426182 20.9893
5432000 297.671 0.0426182 21.2838
5436000 301.549 0.0426182 21.4812
5440000 299.774 0.0426182 21.7764
5444000 299.649 0.0426182 21.8504
5448000 298.987 0.0426182 21.1665
5452000 300.681 0.0426182 21.5322
5456000 298.91 0.0426182 22.0044
5460000 300.283 0.0426182 21.4854
5464000 301.065 0.0426182 21.4199
5468000 299.164 0.0426182 21.7608
5472000 301.48 0.0426182 21.9208
5476000 300.8 0.0426182 21.2719
5480000 298.868 0.0426182 20.8313
5484000 299.653 0.0426182 21.0791
5488000 301.234 0.0426182 21.5799
5492000 300.393 0.0426182 21.2653
5496000 299.257 0.0426182 21.2875
5500000 300.642 0.0426182 21.9682
5504000 298.364 0.0426182 21.53
5508000 300.137 0.0426182 21.771
5512000 299.058 0.0426182 21.4326
5516000 300.06 0.0426182 21.8816
5520000 299.842 0.0426182 21.2159
5524000 300.294 0.0426182 22.0866
5528000 301.162 0.0426182 21.9926
5532000 299.425 0.0426182 20.6358
5536000 300.425 0.0426182 21.7456
5540000 299.819 0.0426182 22.1026
5544000 301.441 0.0426182 22.6929
5548000 301.155 0.0426182 22.4242
5552000 299.456 0.0426182 21.3308
5556000 298.959 0.0426182 21.1648
5560000 301.205 0.0426182 21.7804
5564000 299.829 0.0426182 21.5345
5568000 300.841 0.0426182 21.582
5572000 299.739 0.0426182 21.6379
5576000 299.879 0.0426182 21.8077
5580000 300.636 0.0426182 22.0062
5584000 300.528 0.0426182 21.595
5588000 301.724 0.0426182 22.6129
5592000 299.509 0.0426182 21.8821
5596000 300.696 0.0426182 21.4617
5600000 300.533 0.0426182 21.6798
5604000 300.429 0.0426182 21.3271
5608000 302.499 0.0426182 21.7986
5612000 301.682 0.0426182 22.318
5616000 300.011 0.0426182 22.0014
5620000 300.906 0.0426182 21.2405
5624000 299.749 0.0426182 21.1906
5628000 301.081 0.0426182 22.1645
5632000 299.062 0.0426182 21.4392
5636000 299.738 0.0426182 22.3959
5640000 301.66 0.0426182 21.3202
5644000 301.554 0.0426182 21.4957
5648000 299.798 0.0426182 21.3049
5652000 300.439 0.0426182 21.72
5656000 302.081 0.0426182 21.664
5660000 299.629 0.0426182 21.4796
5664000 299.561 0.0426182 21.1047
5668000 300.189 0.0426182 21.7653
5672000 300.968 0.0426182 22.2745
5676000 300.04 0.0426182 21.2786
5680000 300.303 0.0426182 21.531
5684000 299.536 0.0426182 22.5319
5688000 300.579 0.0426182 21.6082
5692000 299.835 0.0426182 21.8807
5696000 301.331 0.0426182 21.8297
5700000 300.528 0.0426182 21.9563
5704000 300.957 0.0426182 22.2098
5708000 297.057 0.0426182 21.8417
5712000 299.328 0.0426182 22.3023
5716000 300.186 0.0426182 21.5389
5720000 298.992 0.0426182 21.0578
5724000 299.475 0.0426182 21.4427
5728000 299.132 0.0426182 21.426
5732000 300.19 0.0426182 22.0059
5736000 300.472 0.0426182 21.8221
5740000 299.308 0.0426182 21.6593
5744000 301.078 0.0426182 22.1714
5748000 299.969 0.0426182 22.0589
5752000 299.143 0.0426182 21.9137
5756000 301.464 0.0426182 21.8487
5760000 299.812 0.0426182 22.1677
5764000 300.976 0.0426182 22.0017
5768000 302.707 0.0426182 21.9148
5772000 300.419 0.0426182 21.2891
5776000 299.423 0.0426182 21.4439
5780000 300.045 0.0426182 21.9364
5784000 299.245 0.0426182 21.3284
5788000 299.84 0.0426182 21.9283
5792000 298.889 0.0426182 21.0937
5796000 299.066 0.0426182 21.7538
5800000 299.568 0.0426182 21.3008
5804000 299.743 0.0426182 21.9382
5808000 301.614 0.0426182 21.3823
5812000 301.887 0.0426182 21.9341
5816000 298.087 0.0426182 21.4066
5820000 300.163 0.0426182 21.6456
5824000 299.745 0.0426182 21.2602
5828000 297.356 0.0426182 20.8472
5832000 298.597 0.0426182 21.5855
5836000 299.592 0.0426182 21.2233
5840000 300.907 0.0426182 22.1535
5844000 302.369 0.0426182 22.7274
5848000 301.488 0.0426182 21.7888
5852000 299.67 0.0426182 22.2213
5856000 299.858 0.0426182 20.9523
5860000 300.35 0.0426182 21.2876
5864000 301.157 0.0426182 21.1843
5868000 299.726 0.0426182 21.9065
5872000 299.249 0.0426182 20.7784
5876000 301.304 0.0426182 21.6315
5880000 300.512 0.0426182 21.3482
5884000 300.804 0.0426182 21.6727
5888000 299.059 0.0426182 20.9896
5892000 299.196 0.0426182 21.9177
5896000 300.914 0.0426182 21.5952
5900000 301.942 0.0426182 21.7922
5904000 300.527 0.0426182 20.8594
5908000 299.443 0.0426182 21.8082
5912000 302.045 0.0426182 21.4133
5916000 302.826 0.0426182 21.8365
5920000 299.88 0.0426182 21.4034
5924000 300.829 0.0426182 21.4762
5928000 298.68 0.0426182 21.148
5932000 299.19 0.0426182 21.7367
5936000 298.912 0.0426182 21.1385
5940000 300.855 0.0426182 22.0313
5944000 301.445 0.0426182 21.4635
5948000 302.603 0.0426182 21.4632
5952000 301.407 0.0426182 21.5295
5956000 302.571 0.0426182 22.125
5960000 300.264 0.0426182 21.3486
5964000 301.921 0.0426182 21.0091
5968000 299.344 0.0426182 21.6703
5972000 299.44 0.0426182 20.2216
5976000 299.92 0.0426182 21.7645
5980000 300.756 0.0426182 21.9848
5984000 301.109 0.0426182 21.3354
5988000 301.465 0.0426182 21.3381
5992000 300.852 0.0426182 21.711
5996000 300.655 0.0426182 21.0968
6000000 298.875 0.0426182 21.255
6004000 300.567 0.0426182 20.8135
6008000 300.831 0.0426182 21.2583
6012000 300.326 0.0426182 21.7455
6016000 298.93 0.0426182 21.3125
6020000 299.991 0.0426182 21.2808
6024000 300.416 0.0426182 20.78
6028000 300.005 0.0426182 21.641
6032000 300.981 0.0426182 21.3061
6036000 299.965 0.0426182 20.8171
6040000 301.038 0.0426182 21.0414
6044000 301.451 0.0426182 22.2945
6048000 301.702 0.0426182 21.2706
6052000 299.891 0.0426182 21.594
6056000 299.414 0.0426182 21.5238
6060000 301.142 0.0426182 21.4999
6064000 301.562 0.0426182 21.1331
6068000 301.584 0.0426182 21.4432
6072000 300.287 0.0426182 21.0966
6076000 298.795 0.0426182 21.4625
6080000 299.873 0.0426182 21.4906
6084000 298.527 0.0426182 21.6122
6088000 298.904 0.0426182 21.6543
6092000 300.01 0.0426182 22.224
6096000 298.94 0.0426182 20.897
6100000 300.35 0.0426182 21.4641
6104000 300.124 0.0426182 21.0639
6108000 300.414 0.0426182 21.7629
6112000 300.041 0.0426182 21.9249
6116000 301.57 0.0426182 21.086
6120000 300.794 0.0426182 21.0216
6124000 300.168 0.0426182 22.4213
6128000 301.328 0.0426182 21.3175
6132000 299.848 0.0426182 21.2698
6136000 300.842 0.0426182 20.9392
6140000 301.605 0.0426182 22.1185
6144000 300.635 0.0426182 21.004
6148000 300.156 0.0426182 21.7958
6152000 299.457 0.0426182 20.7337
6156000 299.151 0.0426182 21.2181
6160000 299.391 0.0426182 22.9311
6164000 299.721 0.0426182 21.6277
6168000 299.996 0.0426182 21.7034
6172000 299.195 0.0426182 21.3603
6176000 299.551 0.0426182 21.7698
6180000 300.061 0.0426182 21.7889
6184000 299.011 0.0426182 22.3619
6188000 302.731 0.0426182 21.4097
6192000 299.565 0.0426182 22.0751
6196000 300.568 0.0426182 22.245
6200000 301.007 0.0426182 21.7856
6204000 300.166 0.0426182 21.7909
6208000 300.537 0.0426182 20.8891
6212000 300.827 0.0426182 22.062
6216000 301.649 0.0426182 21.6354
6220000 299.929 0.0426182 21.7208
6224000 300.88 0.0426182 21.1604
6228000 300.006 0.0426182 22.1721
6232000 300.488 0.0426182 21.3019
6236000 300.226 0.0426182 21.6934
6240000 298.434 0.0426182 21.2946
6244000 299.834 0.0426182 21.7042
6248000 302.506 0.0426182 21.4691
6252000 299.002 0.0426182 20.5255
6256000 298.284 0.0426182 21.5859
6260000 299.389 0.0426182 21.4888
6264000 300.206 0.0426182 21.34
6268000 299.777 0.0426182 21.0369
6272000 300.841 0.0426182 21.3052
6276000 301.865 0.0426182 20.5746
6280000 300.886 0.0426182 21.3044
6284000 300.811 0.0426182 21.1766
6288000 298.523 0.0426182 21.6367
6292000 298.683 0.0426182 20.8756
6296000 300.42 0.0426182 21.4958
6300000 298.65 0.0426182 20.9146
6304000 300.964 0.0426182 21.5393
6308000 300.49 0.0426182 21.4379
6312000 299.658 0.0426182 20.7988
6316000 299.066 0.0426182 20.9423
6320000 300.33 0.0426182 21.5245
6324000 301.847 0.0426182 21.5747
6328000 299.124 0.0426182 21.2851
6332000 300.031 0.0426182 21.7504
6336000 299.405 0.0426182 21.8145
6340000 300.422 0.0426182 21.8224
6344000 299.14 0.0426182 22.0297
6348000 301.244 0.0426182 21.8466
6352000 299.162 0.0426182 22.0741
6356000 300.721 0.0426182 21.5309
6360000 298.043 0.0426182 22.0523
6364000 299.92 0.0426182 21.7082
6368000 301.372 0.0426182 21.1206
6372000 300.826 0.0426182 20.7835
6376000 300.667 0.0426182 21.2467
6380000 299.354 0.0426182 22.2912
6384000 300.94 0.0426182 21.1904
6388000 300.488 0.0426182 21.6312
6392000 301.298 0.0426182 21.2132
6396000 300.49 0.0426182 21.4507
6400000 300.147 0.0426182 21.6295
6404000 300.624 0.0426182 21.36
6408000 299.231 0.0426182 21.2284
6412000 302.078 0.0426182 21.1599
6416000 299.964 0.0426182 21.6572
6420000 298.803 0.0426182 20.8488
6424000 300.851 0.0426182 21.6607
6428000 301.081 0.0426182 21.8843
6432000 301.621 0.0426182 20.2464
6436000 301.794 0.0426182 22.5194
6440000 300.275 0.0426182 21.0196
6444000 301.101 0.0426182 21.7757
6448000 301.383 0.0426182 22.0035
6452000 299.786 0.0426182 21.7193
6456000 301.783 0.0426182 21.4929
6460000 300.46 0.0426182 20.9849
6464000 300.382 0.0426182 20.9725
6468000 300.392 0.0426182 21.0828
6472000 300.427 0.0426182 21.6028
6476000 298.928 0.0426182 21.681
6480000 301.173 0.0426182 21.4718
6484000 301.605 0.0426182 20.6653
6488000 300.184 0.0426182 21.763
6492000 300.262 0.0426182 21.77
6496000 301.301 0.0426182 21.2524
6500000 299.231 0.0426182 21.026
6504000 299.66 0.0426182 21.9229
6508000 299.62 0.0426182 20.9474
6512000 300.644 0.0426182 22.2583
6516000 301.002 0.0426182 22.0534
6520000 299.179 0.0426182 20.8573
6524000 299.674 0.0426182 21.6968
6528000 300.446 0.0426182 22.6317
6532000 300.269 0.0426182 21.6661
6536000 299.857 0.0426182 22.1547
6540000 300.149 0.0426182 21.1198
6544000 299.459 0.0426182 21.6256
6548000 298.118 0.0426182 22.1099
6552000 300.423 0.0426182 20.3317
6556000 300.162 0.0426182 21.7267
6560000 300.448 0.0426182 22.0542
6564000 300.54 0.0426182 21.618
6568000 301.101 0.0426182 22.0744
6572000 300.917 0.0426182 21.7899
6576000 300.162 0.0426182 22.1118
6580000 299.434 0.0426182 22.1067
6584000 300.422 0.0426182 22.8434
6588000 300.74 0.0426182 22.001
6592000 301.673 0.0426182 22.2695
6596000 298.98 0.0426182 21.6579
6600000 299.564 0.0426182 21.345
6604000 301.302 0.0426182 22.2011
6608000 298.777 0.0426182 21.5012
6612000 299.988 0.0426182 21.9519
6616000 301.327 0.0426182 22.1469
6620000 301.152 0.0426182 21.857
6624000 299.788 0.0426182 20.9856
6628000 297.936 0.0426182 21.9279
6632000 299.989 0.0426182 20.4083
6636000 300.746 0.0426182 21.6737
6640000 300.75 0.0426182 21.6
6644000 300.315 0.0426182 21.5566
6648000 299.022 0.0426182 21.5371
6652000 300.208 0.0426182 20.7252
6656000 300.508 0.0426182 21.0795
6660000 300.625 0.0426182 21.821
6664000 299.399 0.0426182 21.1551
6668000 299.841 0.0426182 21.537
6672000 299.973 0.0426182 21.4245
6676000 301.101 0.0426182 21.1076
6680000 300.287 0.0426182 22.0654
6684000 302.584 0.0426182 21.8479
6688000 300.549 0.0426182 21.6285
6692000 298.466 0.0426182 20.509
6696000 300.232 0.0426182 22.1775
6700000 299.086 0.0426182 21.0943
6704000 299.313 0.0426182 21.3459
6708000 300.279 0.0426182 21.1157
6712000 303.15 0.0426182 21.8516
6716000 300.197 0.0426182 21.2418
6720000 299.779 0.0426182 20.8738
6724000 302.36 0.0426182 20.8985
6728000 299.32 0.0426182 21.2334
6732000 301.488 0.0426182 21.6382
6736000 299.68 0.0426182 21.1678
6740000 300.061 0.0426182 21.5674
6744000 300.278 0.0426182 22.0314
6748000 298.981 0.0426182 20.7606
6752000 300.248 0.0426182 21.8213
6756000 302.696 0.0426182 21.5795
6760000 300.462 0.0426182 21.1216
6764000 300.619 0.0426182 21.5093
6768000 299.054 0.0426182 21.2964
6772000 298.982 0.0426182 20.941
6776000 300.281 0.0426182 21.3496
6780000 299.99 0.0426182 21.2891
6784000 301.161 0.0426182 21.7386
6788000 299.023 0.0426182 21.6098
6792000 300.423 0.0426182 21.7843
6796000 298.93 0.0426182 21.6996
6800000 299.991 0.0426182 21.7106
6804000 299.457 0.0426182 21.2391
6808000 301.132 0.0426182 21.2127
6812000 301.575 0.0426182 20.955
6816000 300.696 0.0426182 21.4353
6820000 301.287 0.0426182 21.0364
6824000 299.324 0.0426182 21.863
6828000 300.595 0.0426182 22.1022
6832000 299.411 0.0426182 21.6416
6836000 300.492 0.0426182 22.1528
6840000 301.422 0.0426182 21.9834
6844000 299.946 0.0426182 21.785
6848000 299.295 0.0426182 21.9025
6852000 299.213 0.0426182 21.6595
6856000 300.835 0.0426182 22.6654
6860000 299.992 0.0426182 21.9231
6864000 298.69 0.0426182 21.4417
6868000 301.834 0.0426182 22.174
6872000 300.413 0.0426182 21.0099
6876000 300.081 0.0426182 21.99
6880000 301.622 0.0426182 22.0011
6884000 299.258 0.0426182 21.4093
6888000 301.28 0.0426182 21.9059
6892000 302.776 0.0426182 21.3147
6896000 300.197 0.0426182 21.2441
6900000 300.061 0.0426182 21.2779
6904000 300.714 0.0426182 21.7435
6908000 300.911 0.0426182 22.2584
6912000 298.584 0.0426182 21.598
6916000 301.368 0.0426182 21.5142
6920000 300.547 0.0426182 22.3081
6924000 299.501 0.0426182 21.252
6928000 301.245 0.0426182 20.9685
6932000 299.257 0.0426182 21.4753
6936000 299.836 0.0426182 21.6716
6940000 300.782 0.0426182 21.7961
6944000 299.826 0.0426182 21.313
6948000 300.834 0.0426182 21.3965
6952000 301.272 0.0426182 21.764
6956000 300.53 0.0426182 21.266
6960000 300.274 0.0426182 21.8869
6964000 299.911 0.0426182 21.6588
6968000 302.326 0.0426182 22.5785
6972000 302.048 0.0426182 21.7452
6976000 301.16 0.0426182 21.6109
6980000 301.316 0.0426182 21.2245
6984000 299.233 0.0426182 21.2107
6988000 301.6 0.0426182 21.397
6992000 300.479 0.0426182 21.4
6996000 301.244 0.0426182 22.1346
7000000 300.913 0.0426182 21.654
7004000 298.359 0.0426182 21.2236
7008000 302.023 0.0426182 21.4424
7012000 299.408 0.0426182 21.9996
7016000 300.058 0.0426182 20.2297
7020000 299.413 0.0426182 21.3928
7024000 301.155 0.0426182 21.516
7028000 300.366 0.0426182 21.7565
7032000 299.707 0.0426182 21.9745
7036000 301.177 0.0426182 21.6371
7040000 299.627 0.0426182 21.7058
7044000 300.014 0.0426182 20.5686
7048000 300.641 0.0426182 21.8955
7052000 300.53 0.0426182 21.6722
7056000 301.623 0.0426182 22.1232
7060000 300.224 0.0426182 20.8714
7064000 302.185 0.0426182 21.5537
7068000 300.263 0.0426182 21.1045
7072000 299.067 0.0426182 21.2573
7076000 299.875 0.0426182 21.3386
7080000 300.744 0.0426182 21.5505
7084000 299.622 0.0426182 21.2378
7088000 300.537 0.0426182 21.4408
7092000 299.705 0.0426182 21.3692
7096000 300.626 0.0426182 21.2135
7100000 301.169 0.0426182 21.9961
7104000 299.051 0.0426182 21.6344
7108000 301.161 0.0426182 22.1604
7112000 299.874 0.0426182 22.1254
7116000 299.446 0.0426182 21.5951
7120000 300.249 0.0426182 22.1164
7124000 301.431 0.0426182 22.2388
7128000 300.095 0.0426182 21.6579
7132000 302.961 0.0426182 21.6043
7136000 299.367 0.0426182 21.63
7140000 301.14 0.0426182 22.1565
7144000 300.918 0.0426182 22.3803
7148000 300.229 0.0426182 22.4892
7152000 299.977 0.0426182 22.3799
7156000 299.985 0.0426182 21.4833
7160000 301.008 0.0426182 21.2954
7164000 301.302 0.0426182 21.699
7168000 301.091 0.0426182 21.3526
7172000 298.221 0.0426182 20.9923
7176000 301.409 0.0426182 21.8179
7180000 301.974 0.0426182 21.9904
7184000 297.361 0.0426182 21.4682
7188000 301.805 0.0426182 21.1551
7192000 300.927 0.0426182 21.5495
7196000 299.292 0.0426182 21.6332
7200000 299.009 0.0426182 21.9009
7204000 300.236 0.0426182 21.361
7208000 298.826 0.0426182 21.3141
7212000 300.239 0.0426182 21.538
7216000 301.594 0.0426182 21.3618
7220000 298.695 0.0426182 21.7405
7224000 300.881 0.0426182 21.356
7228000 299.15 0.0426182 21.6243
7232000 301.328 0.0426182 21.5066
7236000 301.918 0.0426182 22.1882
7240000 302.092 0.0426182 22.4979
7244000 299.835 0.0426182 22.0009
7248000 299.923 0.0426182 20.7616
7252000 300.664 0.0426182 21.269
7256000 298.194 0.0426182 21.3461
7260000 300.71 0.0426182 21.3358
7264000 300.335 0.0426182 21.666
7268000 302.052 0.0426182 22.5348
7272000 298.943 0.0426182 21.2043
7276000 299.596 0.0426182 21.697
7280000 301.384 0.0426182 20.9872
7284000 300.026 0.0426182 21.9992
7288000 299.469 0.0426182 21.5444
7292000 300.764 0.0426182 21.824
7296000 300.981 0.0426182 21.334
7300000 299.582 0.0426182 22.3118
7304000 302.63 0.0426182 22.1262
7308000 298.86 0.0426182 21.1954
7312000 299.192 0.0426182 22.0512
7316000 301.021 0.0426182 21.3514
7320000 300.973 0.0426182 22.0452
7324000 300.228 0.0426182 21.3816
7328000 300.381 0.0426182 21.8251
7332000 298.668 0.0426182 21.8493
7336000 299.701 0.0426182 22.1308
7340000 301.178 0.0426182 21.9794
7344000 300.212 0.0426182 22.2343
7348000 301.949 0.0426182 22.6682
7352000 300.934 0.0426182 21.3747
7356000 300.106 0.0426182 21.7775
7360000 300.154 0.0426182 22.0834
7364000 301.655 0.0426182 22.1626
7368000 298.988 0.0426182 21.1156
7372000 298.324 0.0426182 21.6654
7376000 302.134 0.0426182 22.7679
7380000 301.305 0.0426182 21.7754
7384000 300.423 0.0426182 22.4183
7388000 300.862 0.0426182 21.9373
7392000 301.346 0.0426182 21.0635
7396000 298.469 0.0426182 21.3452
7400000 301.389 0.0426182 21.5171
7404000 299.904 0.0426182 21.7727
7408000 298.757 0.0426182 20.9194
7412000 300.281 0.0426182 22.6944
7416000 299.398 0.0426182 21.3749
7420000 298.584 0.0426182 21.8914
7424000 301.655 0.0426182 21.5965
7428000 300.588 0.0426182 22.5468
7432000 298.932 0.0426182 22.0059
7436000 300.27 0.0426182 21.9721
7440000 299.388 0.0426182 21.6513
7444000 300.764 0.0426182 21.9514
7448000 299.76 0.0426182 21.0467
7452000 299.453 0.0426182 22.0926
7456000 301.434 0.0426182 21.7644
7460000 299.23 0.0426182 21.6618
7464000 301.907 0.0426182 21.9234
7468000 300.453 0.0426182 21.415
7472000 302.525 0.0426182 21.6687
7476000 301.98 0.0426182 20.8785
7480000 299.315 0.0426182 20.9023
7484000 300.854 0.0426182 21.5721
7488000 301.767 0.0426182 22.3229
7492000 300.218 0.0426182 21.3748
7496000 299.192 0.0426182 21.3565
7500000 299.388 0.0426182 21.3983
7504000 299.055 0.0426182 21.4466
7508000 299.566 0.0426182 21.5879
7512000 299.878 0.0426182 20.7623
7516000 300.897 0.0426182 21.4408
7520000 298.693 0.0426182 21.2996
7524000 302.083 0.0426182 21.6145
7528000 302.053 0.0426182 21.0831
7532000 300.829 0.0426182 22.2037
7536000 300.491 0.0426182 21.5855
7540000 300.182 0.0426182 21.2977
7544000 300.72 0.0426182 21.7062
7548000 301.703 0.0426182 22.0239
7552000 300.929 0.0426182 21.735
7556000 300.933 0.0426182 21.751
7560000 299.848 0.0426182 21.4241
7564000 299.958 0.0426182 21.9758
7568000 298.08 0.0426182 21.3506
7572000 299.518 0.0426182 21.2137
7576000 300.442 0.0426182 21.1731
7580000 300.192 0.0426182 22.0198
7584000 301.738 0.0426182 21.4887
7588000 300.552 0.0426182 22.022
7592000 300.122 0.0426182 21.2998
7596000 299.526 0.0426182 21.7933
7600000 300.268 0.0426182 21.8048
7604000 299.61 0.0426182 22.2453
7608000 301.525 0.0426182 22.1718
7612000 300.979 0.0426182 22.6675
7616000 300.387 0.0426182 21.7012
7620000 301.15 0.0426182 21.3645
7624000 301.254 0.0426182 21.6227
7628000 300.721 0.0426182 21.7827
7632000 301.18 0.0426182 21.3408
7636000 303.031 0.0426182 21.2977
7640000 300.385 0.0426182 20.7999
7644000 300.723 0.0426182 21.9412
7648000 301.954 0.0426182 21.5008
7652000 300.492 0.0426182 21.2292
7656000 299.544 0.0426182 21.8277
7660000 300.898 0.0426182 21.073
7664000 298.651 0.0426182 20.5734
7668000 301.16 0.0426182 21.5068
7672000 299.056 0.0426182 21.8573
7676000 301.286 0.0426182 21.4652
7680000 301.023 0.0426182 21.4971
7684000 300.519 0.0426182 21.7923
7688000 300.652 0.0426182 21.3463
7692000 300.172 0.0426182 21.5943
7696000 298.831 0.0426182 21.5308
7700000 299.891 0.0426182 20.963
7704000 299.59 0.0426182 21.4416
7708000 299.683 0.0426182 21.59
7712000 299.509 0.0426182 21.3892
7716000 300.637 0.0426182 22.7778
7720000 298.931 0.0426182 21.4684
7724000 298.669 0.0426182 21.3276
7728000 298.863 0.0426182 21.7668
7732000 299.893 0.0426182 21.9613
7736000 302.206 0.0426182 21.4503
7740000 300.558 0.0426182 21.5367
7744000 301.324 0.0426182 21.2845
7748000 299.247 0.0426182 20.8943
7752000 299.658 0.0426182 21.468
7756000 297.896 0.0426182 20.8373
7760000 298.956 0.0426182 21.6729
7764000 300.158 0.0426182 21.2805
7768000 300.217 0.0426182 21.8274
7772000 301.32 0.0426182 21.6974
7776000 300.063 0.0426182 21.381
7780000 301.43 0.0426182 21.4635
7784000 300.682 0.0426182 21.4345
7788000 300.05 0.0426182 21.9099
7792000 300.2 0.0426182 21.3307
7796000 301.924 0.0426182 21.8156
7800000 298.219 0.0426182 21.3605
7804000 300.692 0.0426182 21.5684
7808000 300.674 0.0426182 21.6692
7812000 300.076 0.0426182 21.2154
7816000 302.172 0.0426182 21.459
7820000 300.076 0.0426182 21.8143
7824000 301.293 0.0426182 21.3741
7828000 299.041 0.0426182 20.9559
7832000 300.294 0.0426182 22.0817
7836000 299.843 0.0426182 22.0852
7840000 300.884 0.0426182 21.486
7844000 300.343 0.0426182 21.4556
7848000 298.683 0.0426182 21.2545
7852000 300.634 0.0426182 21.0503
7856000 302.603 0.0426182 21.4949
7860000 298.929 0.0426182 21.6129
7864000 300.941 0.0426182 21.0801
7868000 301.214 0.0426182 21.9133
7872000 299.827 0.0426182 21.6977
7876000 299.667 0.0426182 22.161
7880000 300.5 0.0426182 21.6706
7884000 301.12 0.0426182 21.8213
7888000 301.294 0.0426182 22.021
7892000 299.834 0.0426182 21.2059
7896000 301.981 0.0426182 21.641
7900000 301.182 0.0426182 21.7419
7904000 302.055 0.0426182 22.288
7908000 298.83 0.0426182 21.5988
7912000 300.89 0.0426182 21.3148
7916000 300.076 0.0426182 21.0978
7920000 301.28 0.0426182 21.5188
7924000 300.456 0.0426182 21.2006
7928000 301.772 0.0426182 21.3684
7932000 300.892 0.0426182 21.3562
7936000 300.659 0.0426182 21.2344
7940000 299.228 0.0426182 21.6408
7944000 299.42 0.0426182 21.387
7948000 301.714 0.0426182 21.6416
7952000 300.283 0.0426182 21.7116
7956000 300.912 0.0426182 21.4629
7960000 299.625 0.0426182 21.437
7964000 299.288 0.0426182 21.7905
7968000 301.587 0.0426182 21.4166
7972000 299.472 0.0426182 21.3103
7976000 299.416 0.0426182 21.801
7980000 301.54 0.0426182 21.1133
7984000 299.374 0.0426182 21.6503
7988000 300.813 0.0426182 21.3315
7992000 300.332 0.0426182 21.2884
7996000 299.082 0.0426182 21.4748
8000000 299.778 0.0426182 21.7259
