# Time-averaged data for fix mydat
# TimeStep v_mtmp v_mden v_mpre
4000 492.169 0.040036 28.6185
8000 301.613 0.040036 20.676
12000 300.469 0.040036 20.6479
16000 301.256 0.040036 19.5923
20000 301.731 0.040036 20.3397
24000 302.24 0.040036 19.5191
28000 300.504 0.040036 19.4088
32000 301.318 0.040036 18.8039
36000 300.398 0.040036 19.0367
40000 299.889 0.040036 19.1611
44000 299.562 0.040036 18.3091
48000 301.062 0.040036 19.3487
52000 299.41 0.040036 18.8459
56000 299.667 0.040036 19.1702
60000 302.029 0.040036 18.2059
64000 300.466 0.040036 18.9242
68000 300.9 0.040036 18.9896
72000 300.386 0.040036 18.4417
76000 301.076 0.040036 18.0286
80000 300.671 0.040036 17.872
84000 302.623 0.040036 18.0999
88000 300.898 0.040036 18.8348
92000 300.483 0.040036 19.3929
96000 299.955 0.040036 18.48
100000 301.019 0.040036 18.6682
104000 300.133 0.040036 18.474
108000 300.794 0.040036 19.9026
112000 298.643 0.040036 19.299
116000 300.017 0.040036 19.3534
120000 299.907 0.040036 19.6769
124000 299.645 0.040036 19.5183
128000 299.977 0.040036 19.2447
132000 301.692 0.040036 19.9212
136000 300.203 0.040036 19.3265
140000 301.199 0.040036 19.2825
144000 300.141 0.040036 19.7225
148000 298.433 0.040036 19.6861
152000 301.158 0.040036 19.3633
156000 300.79 0.040036 19.4547
160000 300.916 0.040036 19.6476
164000 300.634 0.040036 20.0713
168000 300.718 0.040036 20.1225
172000 299.723 0.040036 20.0221
176000 298.577 0.040036 20.1352
180000 299.217 0.040036 19.1676
184000 300.724 0.040036 19.6026
188000 302.121 0.040036 21.2016
192000 301.041 0.040036 19.5356
196000 302.556 0.040036 19.6283
200000 300.047 0.040036 20.3494
204000 299.818 0.040036 19.6471
208000 301.644 0.040036 20.388
212000 298.911 0.040036 20.0827
216000 299.971 0.040036 20.3542
220000 300.667 0.040036 19.6865
224000 299.733 0.040036 19.7496
228000 299.418 0.040036 20.4429
232000 299.443 0.040036 21.0087
236000 301.015 0.040036 20.9873
240000 298.483 0.040036 20.6649
244000 299.262 0.040036 20.0847
248000 299.805 0.040036 20.8502
252000 300.719 0.040036 20.4392
256000 301.451 0.040036 20.0647
260000 300.65 0.040036 20.1197
264000 300.529 0.040036 21.1262
268000 300.559 0.040036 20.2771
272000 301.234 0.040036 20.3955
276000 299.58 0.040036 19.7998
280000 301.315 0.040036 20.5032
284000 300.173 0.040036 19.7655
288000 300.199 0.040036 20.3738
292000 300.827 0.040036 20.2017
296000 299.759 0.040036 20.0719
300000 301.446 0.040036 19.8655
304000 300.867 0.040036 20.9668
308000 300.277 0.040036 19.9934
312000 299.188 0.040036 20.1023
316000 300.309 0.040036 20.7792
320000 298.679 0.040036 20.0353
324000 299.601 0.040036 21.048
328000 300.47 0.040036 20.3021
332000 301.74 0.040036 20.6642
336000 299.16 0.040036 20.5304
340000 299.254 0.040036 19.9759
344000 299.223 0.040036 20.5701
348000 299.252 0.040036 20.6347
352000 301.6 0.040036 20.2351
356000 299.888 0.040036 20.3694
360000 300.377 0.040036 19.9268
364000 300.888 0.040036 20.2752
368000 300.723 0.040036 20.6655
372000 299.154 0.040036 20.413
376000 301.064 0.040036 20.5365
380000 301.685 0.040036 20.3007
384000 299.809 0.040036 20.7712
388000 299.771 0.040036 20.3932
392000 301.329 0.040036 20.9437
396000 300.278 0.040036 20.6404
400000 299.64 0.040036 20.4593
404000 300.382 0.040036 20.03
408000 300.766 0.040036 20.1578
412000 299.391 0.040036 20.5404
416000 300.236 0.040036 20.9475
420000 298.04 0.040036 19.6302
424000 301.553 0.040036 21.0655
428000 299.01 0.040036 19.9885
432000 300.505 0.040036 19.8811
436000 301.303 0.040036 21.0105
440000 300.453 0.040036 19.9806
444000 300.213 0.040036 20.4116
448000 299.389 0.040036 20.0869
452000 300.46 0.040036 20.7167
456000 300.236 0.040036 20.2389
460000 300.665 0.040036 20.3012
464000 299.446 0.040036 20.1322
468000 299.87 0.040036 20.0796
472000 302.175 0.040036 21.2196
476000 300.704 0.040036 19.8014
480000 300.334 0.040036 20.1538
484000 301.71 0.040036 19.8439
488000 300.963 0.040036 20.988
492000 299.432 0.040036 20.8834
496000 300.085 0.040036 20.1959
500000 299.707 0.040036 20.448
504000 300.399 0.040036 20.9027
508000 300.164 0.040036 21.2174
512000 300.017 0.040036 20.282
516000 302.025 0.040036 20.8902
520000 299.966 0.040036 21.1589
524000 301.113 0.040036 20.9762
528000 299.842 0.040036 20.0994
532000 299.453 0.040036 20.8704
536000 302.161 0.040036 20.5558
540000 299.156 0.040036 20.9338
544000 300.842 0.040036 20.5445
548000 301.978 0.040036 20.7062
552000 296.31 0.040036 20.4166
556000 300.884 0.040036 20.5016
560000 299.631 0.040036 19.939
564000 300.971 0.040036 20.5811
568000 300.16 0.040036 21.2665
572000 300.032 0.040036 20.5772
576000 301.159 0.040036 21.1172
580000 299.886 0.040036 20.3844
584000 299.538 0.040036 20.3246
588000 301.937 0.040036 20.4452
592000 300.279 0.040036 19.9461
596000 300.066 0.040036 20.5557
600000 298.998 0.040036 20.2552
604000 299.213 0.040036 20.3408
608000 300.298 0.040036 21.1934
612000 299.617 0.040036 20.0893
616000 301.581 0.040036 20.0361
620000 300.309 0.040036 20.0199
624000 301.751 0.040036 20.1026
628000 299.966 0.040036 20.2938
632000 299.939 0.040036 20.1832
636000 299.938 0.040036 20.5714
640000 299.491 0.040036 20.2993
644000 298.881 0.040036 19.4107
648000 300.802 0.040036 20.2069
652000 300.437 0.040036 20.0838
656000 300.272 0.040036 20.7207
660000 301.059 0.040036 20.5524
664000 300.092 0.040036 19.9952
668000 301.773 0.040036 21.0535
672000 300.192 0.040036 20.818
676000 299.208 0.040036 21.0117
680000 300.413 0.040036 20.6679
684000 300.856 0.040036 20.2547
688000 300.665 0.040036 20.7305
692000 302.26 0.040036 20.6336
696000 299.748 0.040036 19.7613
700000 300.611 0.040036 19.9745
704000 302.052 0.040036 20.3166
708000 299.909 0.040036 20.2601
712000 300.289 0.040036 20.1455
716000 299.385 0.040036 20.5247
720000 301.834 0.040036 20.0423
724000 301.144 0.040036 19.9652
728000 299.107 0.040036 20.1111
732000 300.28 0.040036 20.7658
736000 300.227 0.040036 20.2079
740000 298.841 0.040036 20.8429
744000 300.136 0.040036 20.4939
748000 301.45 0.040036 20.8704
752000 301.431 0.040036 20.589
756000 300.956 0.040036 20.3748
760000 299.048 0.040036 19.7543
764000 300.964 0.040036 20.5249
768000 299.113 0.040036 20.3516
772000 300.531 0.040036 20.5256
776000 300.352 0.040036 20.4509
780000 301.789 0.040036 20.145
784000 301.214 0.040036 19.8418
788000 300.614 0.040036 21.0634
792000 301.028 0.040036 20.1386
796000 301.982 0.040036 20.8053
800000 301.207 0.040036 20.5669
804000 301.06 0.040036 20.662
808000 298.992 0.040036 20.5989
812000 299.364 0.040036 20.5368
816000 299.733 0.040036 20.3568
820000 299.502 0.040036 20.7889
824000 301.691 0.040036 19.9785
828000 298.688 0.040036 19.5996
832000 300.325 0.040036 19.822
836000 300.358 0.040036 20.6703
840000 301.037 0.040036 20.4059
844000 299.57 0.040036 20.5356
848000 300.342 0.040036 20.7892
852000 300.538 0.040036 19.7553
856000 300.747 0.040036 20.2753
860000 301.705 0.040036 19.8849
864000 300.034 0.040036 20.3405
868000 299.89 0.040036 20.2331
872000 299.763 0.040036 20.4794
876000 301.608 0.040036 20.789
880000 302.718 0.040036 20.4896
884000 300.337 0.040036 20.8134
888000 300.675 0.040036 20.7258
892000 299.476 0.040036 19.6208
896000 299.118 0.040036 20.62
900000 300.852 0.040036 20.1451
904000 300.252 0.040036 20.5816
908000 300.552 0.040036 19.7993
912000 300.183 0.040036 20.5776
916000 300.711 0.040036 20.116
920000 300.723 0.040036 19.8389
924000 301.951 0.040036 20.4063
928000 302.397 0.040036 21.2496
932000 300.864 0.040036 20.0075
936000 301.83 0.040036 20.5203
940000 300.12 0.040036 21.007
944000 299.17 0.040036 20.5691
948000 300.915 0.040036 20.3899
952000 299.043 0.040036 20.3604
956000 301.401 0.040036 20.6206
960000 302.017 0.040036 19.8844
964000 299.374 0.040036 20.6871
968000 299.97 0.040036 19.9917
972000 298.662 0.040036 20.4281
976000 300.27 0.040036 20.8069
980000 298.846 0.040036 19.8104
984000 301.074 0.040036 20.4668
988000 298.26 0.040036 20.335
992000 299.315 0.040036 20.2547
996000 301.538 0.040036 20.2957
1000000 299.904 0.040036 21.1012
1004000 299.598 0.040036 20.3567
1008000 299.221 0.040036 20.1496
1012000 298.747 0.040036 20.5906
1016000 301.186 0.040036 20.8697
1020000 300.044 0.040036 20.2288
1024000 302.211 0.040036 21.3092
1028000 299.71 0.040036 20.1582
1032000 299.028 0.040036 19.9677
1036000 300.736 0.040036 20.0215
1040000 298.419 0.040036 19.9028
1044000 300.766 0.040036 21.0041
1048000 301.767 0.040036 19.5907
1052000 298.463 0.040036 20.4494
1056000 302.159 0.040036 20.8286
1060000 300.78 0.040036 20.4671
1064000 299.716 0.040036 20.6564
1068000 301.038 0.040036 19.8436
1072000 300.731 0.040036 20.3428
1076000 299.99 0.040036 19.8834
1080000 298.85 0.040036 20.3178
1084000 300.244 0.040036 20.0989
1088000 299.047 0.040036 20.4031
1092000 299.002 0.040036 20.1873
1096000 299.935 0.040036 20.1984
1100000 298.879 0.040036 20.0929
1104000 300.289 0.040036 20.0776
1108000 301.403 0.040036 20.9279
1112000 300.001 0.040036 20.3173
1116000 300.387 0.040036 20.4075
1120000 299.335 0.040036 20.2961
1124000 298.741 0.040036 20.7831
1128000 297.135 0.040036 19.0177
1132000 300.33 0.040036 19.8843
1136000 300.392 0.040036 20.4138
1140000 300.764 0.040036 20.1913
1144000 300.661 0.040036 20.5639
1148000 299.95 0.040036 19.8616
1152000 300.969 0.040036 20.7737
1156000 297.205 0.040036 20.1047
1160000 300.952 0.040036 20.9614
1164000 300.46 0.040036 20.3333
1168000 302.035 0.040036 21.1853
1172000 299.998 0.040036 19.7777
1176000 298.093 0.040036 20.3224
1180000 302.475 0.040036 21.6005
1184000 300.25 0.040036 20.8054
1188000 300.208 0.040036 20.0964
1192000 299.564 0.040036 21.4118
1196000 301.31 0.040036 19.7785
1200000 298.708 0.040036 19.8023
1204000 299.103 0.040036 19.9645
1208000 302.204 0.040036 20.1938
1212000 301.275 0.040036 20.1761
1216000 300.555 0.040036 19.7789
1220000 299.924 0.040036 20.3802
1224000 298.883 0.040036 20.164
1228000 300.522 0.040036 20.158
1232000 299.607 0.040036 20.2945
1236000 300.267 0.040036 20.3207
1240000 298.304 0.040036 19.3997
1244000 300.925 0.040036 20.5781
1248000 299.974 0.040036 19.9028
1252000 302.159 0.040036 20.5461
1256000 300.201 0.040036 19.9947
1260000 299.275 0.040036 20.1736
1264000 301.463 0.040036 20.7335
1268000 300.828 0.040036 19.9677
1272000 301.865 0.040036 20.3302
1276000 301.336 0.040036 20.5706
1280000 300.278 0.040036 20.1413
1284000 298.782 0.040036 19.8466
1288000 302.229 0.040036 20.947
1292000 300.44 0.040036 20.1033
1296000 300.867 0.040036 20.3064
1300000 299.809 0.040036 20.2805
1304000 299.078 0.040036 20.3222
1308000 298.528 0.040036 20.398
1312000 300.546 0.040036 20.0589
1316000 299.955 0.040036 20.4177
1320000 300.849 0.040036 20.9348
1324000 302.68 0.040036 20.2891
1328000 300.522 0.040036 20.3676
1332000 299.751 0.040036 20.1699
1336000 298.879 0.040036 20.2333
1340000 299.481 0.040036 19.8572
1344000 300.213 0.040036 20.3615
1348000 298.623 0.040036 19.6618
1352000 300.466 0.040036 20.7952
1356000 298.689 0.040036 20.5862
1360000 301.454 0.040036 19.8608
1364000 299.489 0.040036 20.349
1368000 300.75 0.040036 19.9307
1372000 300.188 0.040036 19.7896
1376000 300.908 0.040036 20.5363
1380000 298.681 0.040036 20.2158
1384000 299.798 0.040036 20.4944
1388000 301.196 0.040036 21.3377
1392000 299.62 0.040036 20.4276
1396000 300.843 0.040036 20.4827
1400000 299.84 0.040036 20.5287
1404000 299.839 0.040036 20.185
1408000 302.032 0.040036 20.4144
1412000 299.998 0.040036 20.2114
1416000 300.43 0.040036 19.8525
1420000 301.032 0.040036 20.8828
1424000 300.86 0.040036 20.8842
1428000 300.804 0.040036 20.5086
1432000 297.667 0.040036 20.0291
1436000 300.314 0.040036 20.8423
1440000 301.86 0.040036 20.9699
1444000 299.377 0.040036 20.7031
1448000 299.731 0.040036 20.234
1452000 298.995 0.040036 21.8731
1456000 300.771 0.040036 20.8364
1460000 302.884 0.040036 20.3715
1464000 300.778 0.040036 20.197
1468000 302.422 0.040036 21.1804
1472000 300.386 0.040036 19.9575
1476000 299.498 0.040036 20.6284
1480000 302.153 0.040036 20.2099
1484000 300.889 0.040036 20.4034
1488000 300.83 0.040036 19.9683
1492000 301.877 0.040036 19.9355
1496000 301.154 0.040036 20.3728
1500000 299.585 0.040036 20.3695
1504000 299.654 0.040036 20.4645
1508000 300.276 0.040036 20.1842
1512000 301.772 0.040036 20.9402
1516000 301.768 0.040036 20.7128
1520000 300.854 0.040036 20.3784
1524000 302.316 0.040036 20.4491
1528000 303.06 0.040036 21.7177
1532000 300.07 0.040036 19.9058
1536000 301.466 0.040036 20.24
1540000 300.059 0.040036 21.1104
1544000 300.844 0.040036 20.1172
1548000 301.949 0.040036 21.2389
1552000 300.527 0.040036 20.724
1556000 302.713 0.040036 20.3715
1560000 300 0.040036 20.121
1564000 299.875 0.040036 20.6158
1568000 300.52 0.040036 21.0003
1572000 299.769 0.040036 20.4602
1576000 300.142 0.040036 20.0663
1580000 297.233 0.040036 20.4242
1584000 300.807 0.040036 20.371
1588000 300.82 0.040036 20.6579
1592000 301.185 0.040036 20.2275
1596000 299.595 0.040036 20.9943
1600000 300.642 0.040036 20.515
1604000 300.486 0.040036 20.2835
1608000 301.263 0.040036 20.624
1612000 299.923 0.040036 20.4038
1616000 299.65 0.040036 20.1313
1620000 300.69 0.040036 20.5449
1624000 301.071 0.040036 20.5472
1628000 299.22 0.040036 20.473
1632000 300.101 0.040036 21.3056
1636000 300.89 0.040036 20.6793
1640000 300.462 0.040036 20.0386
1644000 300.535 0.040036 20.8787
1648000 300.887 0.040036 20.84
1652000 300.202 0.040036 20.2116
1656000 299.552 0.040036 20.108
1660000 299.753 0.040036 20.1293
1664000 301.038 0.040036 20.0933
1668000 301.553 0.040036 20.9155
1672000 300.501 0.040036 20.4198
1676000 300.671 0.040036 20.0527
1680000 300.763 0.040036 20.5636
1684000 298.446 0.040036 20.1559
1688000 299.753 0.040036 20.8129
1692000 301.683 0.040036 20.4207
1696000 298.264 0.040036 20.0204
1700000 299.071 0.040036 19.5123
1704000 299.218 0.040036 19.5998
1708000 302.056 0.040036 20.3426
1712000 300.174 0.040036 20.6214
1716000 300.896 0.040036 20.5371
1720000 299.334 0.040036 20.6815
1724000 301.524 0.040036 20.6515
1728000 301.311 0.040036 19.6972
1732000 300.872 0.040036 20.8975
1736000 301.663 0.040036 20.3013
1740000 299.473 0.040036 20.4043
1744000 299.958 0.040036 20.0011
1748000 299.438 0.040036 19.8251
1752000 302.024 0.040036 20.3489
1756000 302.139 0.040036 20.998
1760000 299.349 0.040036 20.3318
1764000 299.856 0.040036 20.2057
1768000 300.753 0.040036 20.4106
1772000 300.403 0.040036 19.9026
1776000 301.044 0.040036 20.913
1780000 301.174 0.040036 20.6296
1784000 301.556 0.040036 20.2344
1788000 300.828 0.040036 20.7159
1792000 299.034 0.040036 20.0891
1796000 299.098 0.040036 20.3082
1800000 300.54 0.040036 20.4925
1804000 300.025 0.040036 20.3318
1808000 299.909 0.040036 20.3401
1812000 299.186 0.040036 19.7335
1816000 299.635 0.040036 20.1157
1820000 300.74 0.040036 20.6663
1824000 299.5 0.040036 19.8997
1828000 299.554 0.040036 19.655
1832000 299.855 0.040036 21.0232
1836000 300.421 0.040036 20.0944
1840000 302.25 0.040036 20.8243
1844000 300.166 0.040036 20.1286
1848000 299.884 0.040036 20.2176
1852000 299.948 0.040036 20.432
1856000 299.949 0.040036 19.8198
1860000 302.402 0.040036 20.7741
1864000 301.404 0.040036 19.4329
1868000 302.181 0.040036 20.4334
1872000 301.009 0.040036 20.4379
1876000 300.926 0.040036 19.8622
1880000 299.787 0.040036 19.7825
1884000 301.779 0.040036 20.8026
1888000 301.756 0.040036 20.0987
1892000 299.898 0.040036 20.501
1896000 299.96 0.040036 20.0986
1900000 299.373 0.040036 20.0509
1904000 299.556 0.040036 20.7596
1908000 301.722 0.040036 20.8171
1912000 299.584 0.040036 19.9902
1916000 298.944 0.040036 20.4169
1920000 301.009 0.040036 20.2688
1924000 301.071 0.040036 20.6222
1928000 301.141 0.040036 20.6009
1932000 300.611 0.040036 20.2479
1936000 300.045 0.040036 19.8141
1940000 299.38 0.040036 19.6436
1944000 300.44 0.040036 20.0846
1948000 299.741 0.040036 20.1314
1952000 299.634 0.040036 20.3528
1956000 301.699 0.040036 20.4549
1960000 300.666 0.040036 20.3769
1964000 299.396 0.040036 20.4085
1968000 299.861 0.040036 20.2328
1972000 302.05 0.040036 21.3804
1976000 301.958 0.040036 20.9396
1980000 301.69 0.040036 20.9733
1984000 300.831 0.040036 20.1346
1988000 299.945 0.040036 20.7309
1992000 300.637 0.040036 20.9337
1996000 301.779 0.040036 20.9287
2000000 300.413 0.040036 20.9324
2004000 300.881 0.040036 20.633
2008000 300.485 0.040036 20.4091
2012000 300.354 0.040036 19.9939
2016000 299.936 0.040036 21.1675
2020000 300.433 0.040036 19.6375
2024000 299.814 0.040036 20.2767
2028000 299.422 0.040036 20.1633
2032000 299.192 0.040036 20.0918
2036000 300.68 0.040036 20.1913
2040000 301.916 0.040036 20.5993
2044000 301.015 0.040036 20.4368
2048000 300.186 0.040036 20.7222
2052000 301.077 0.040036 19.9326
2056000 300.595 0.040036 21.0058
2060000 300.37 0.040036 20.385
2064000 300.01 0.040036 21.0116
2068000 300.304 0.040036 20.268
2072000 300.938 0.040036 20.8471
2076000 301.17 0.040036 20.1317
2080000 302.725 0.040036 20.3559
2084000 299.917 0.040036 20.516
2088000 299.259 0.040036 20.94
2092000 299.215 0.040036 20.9219
2096000 301.54 0.040036 19.6748
2100000 299.078 0.040036 19.8156
2104000 299.385 0.040036 19.905
2108000 300.698 0.040036 20.829
2112000 297.693 0.040036 19.8503
2116000 300.535 0.040036 19.9822
2120000 301.29 0.040036 20.8102
2124000 299.812 0.040036 20.0243
2128000 300.169 0.040036 19.8411
2132000 299.805 0.040036 20.3199
2136000 301.213 0.040036 20.828
2140000 300.561 0.040036 20.6921
2144000 298.918 0.040036 19.9722
2148000 300.175 0.040036 20.352
2152000 299.734 0.040036 20.0889
2156000 301.313 0.040036 19.5503
2160000 298.204 0.040036 20.754
2164000 302.057 0.040036 19.9314
2168000 299.471 0.040036 20.5161
2172000 298.884 0.040036 19.9884
2176000 300.364 0.040036 20.0919
2180000 298.898 0.040036 20.1278
2184000 300.837 0.040036 21.0315
2188000 300.973 0.040036 20.3773
2192000 299.704 0.040036 20.5893
2196000 301.046 0.040036 19.8776
2200000 303.237 0.040036 20.5952
2204000 299.127 0.040036 20.1878
2208000 300.683 0.040036 20.7786
2212000 301.275 0.040036 20.3467
2216000 300.897 0.040036 20.5755
2220000 299.702 0.040036 19.9259
2224000 299.761 0.040036 20.1294
2228000 301.232 0.040036 20.2028
2232000 297.717 0.040036 20.5474
2236000 298.644 0.040036 19.9182
2240000 301.017 0.040036 20.8902
2244000 300.771 0.040036 20.5708
2248000 300.221 0.040036 20.8622
2252000 299.915 0.040036 20.3711
2256000 301.01 0.040036 19.6266
2260000 302.259 0.040036 20.5756
2264000 300.821 0.040036 20.7409
2268000 302.627 0.040036 20.9587
2272000 299.808 0.040036 20.3712
2276000 301.471 0.040036 20.9437
2280000 300.03 0.040036 20.4763
2284000 301.984 0.040036 20.1575
2288000 301.521 0.040036 20.4793
2292000 302.393 0.040036 20.1421
2296000 301.491 0.040036 20.564
2300000 300.975 0.040036 19.9663
2304000 299.603 0.040036 20.7513
2308000 300.458 0.040036 20.0617
2312000 298.415 0.040036 20.9568
2316000 300.561 0.040036 19.893
2320000 300.689 0.040036 21.2488
2324000 301.125 0.040036 21.0242
2328000 301.265 0.040036 20.4431
2332000 300.856 0.040036 20.2355
2336000 300.067 0.040036 20.3095
2340000 299.812 0.040036 21.4286
2344000 299.523 0.040036 19.4379
2348000 301.673 0.040036 20.9314
2352000 301.597 0.040036 20.2611
2356000 301.508 0.040036 20.9833
2360000 299.819 0.040036 20.6107
2364000 299.786 0.040036 21.3481
2368000 299.59 0.040036 20.4971
2372000 299.695 0.040036 19.6157
2376000 301.823 0.040036 21.0978
2380000 301.116 0.040036 20.1624
2384000 299.102 0.040036 20.4265
2388000 300.557 0.040036 20.1777
2392000 301.364 0.040036 20.3981
2396000 301.193 0.040036 20.3977
2400000 299.399 0.040036 20.0903
2404000 300.904 0.040036 19.968
2408000 301.268 0.040036 20.5623
2412000 302.143 0.040036 20.3748
2416000 300.55 0.040036 20.7652
2420000 299.07 0.040036 20.8233
2424000 300.617 0.040036 20.6404
2428000 300.693 0.040036 19.9717
2432000 300.176 0.040036 20.9394
2436000 301.799 0.040036 20.903
2440000 301.112 0.040036 20.4262
2444000 300.565 0.040036 19.9665
2448000 299.856 0.040036 20.7182
2452000 300.688 0.040036 20.2067
2456000 301.23 0.040036 20.3527
2460000 300.425 0.040036 20.4331
2464000 299.895 0.040036 20.5391
2468000 303.22 0.040036 20.5012
2472000 301.085 0.040036 20.8916
2476000 300.943 0.040036 20.0726
2480000 302.791 0.040036 20.4066
2484000 299.966 0.040036 20.4485
2488000 301.563 0.040036 20.2819
2492000 299.194 0.040036 20.3018
2496000 299.105 0.040036 20.3933
2500000 300.078 0.040036 20.6614
2504000 300.237 0.040036 20.7341
2508000 301.668 0.040036 20.6684
2512000 300.114 0.040036 20.7501
2516000 300.529 0.040036 20.6261
2520000 301.393 0.040036 19.9111
2524000 299.445 0.040036 20.4685
2528000 302.164 0.040036 20.4695
2532000 300.823 0.040036 20.8715
2536000 299.813 0.040036 20.5162
2540000 301.231 0.040036 21.0893
2544000 299.557 0.040036 20.0646
2548000 298.751 0.040036 20.1044
2552000 300.051 0.040036 20.3192
2556000 298.969 0.040036 20.3225
2560000 301.811 0.040036 20.0621
2564000 301.128 0.040036 20.7494
2568000 298.887 0.040036 19.6391
2572000 299.953 0.040036 20.4392
2576000 299.28 0.040036 20.5805
2580000 300.272 0.040036 20.7429
2584000 299.579 0.040036 20.3108
2588000 300.554 0.040036 20.5484
2592000 300.967 0.040036 20.3827
2596000 298.568 0.040036 20.9227
2600000 298.594 0.040036 20.0659
2604000 299.653 0.040036 20.2255
2608000 301.822 0.040036 21.024
2612000 301.573 0.040036 20.7843
2616000 298.252 0.040036 20.0208
2620000 300.953 0.040036 20.556
2624000 300.038 0.040036 21.0232
2628000 301.963 0.040036 21.318
2632000 301.89 0.040036 20.3082
2636000 300.402 0.040036 21.202
2640000 299.747 0.040036 19.8204
2644000 300.022 0.040036 20.5013
2648000 297.904 0.040036 19.7741
2652000 299.929 0.040036 20.4912
2656000 299.638 0.040036 19.6799
2660000 300.527 0.040036 20.1959
2664000 299.647 0.040036 19.9563
2668000 299.88 0.040036 20.5132
2672000 300.807 0.040036 20.9464
2676000 299.95 0.040036 20.1367
2680000 301.154 0.040036 21.2481
2684000 300.678 0.040036 20.0201
2688000 299.752 0.040036 19.9605
2692000 301.24 0.040036 20.1552
2696000 300.625 0.040036 20.0037
2700000 301.253 0.040036 20.4322
2704000 299.931 0.040036 20.3206
2708000 300.591 0.040036 19.8163
2712000 300.326 0.040036 20.6775
2716000 298.473 0.040036 19.6631
2720000 299.905 0.040036 20.3375
2724000 300.845 0.040036 20.6379
2728000 300.034 0.040036 20.5909
2732000 300.309 0.040036 21.1361
2736000 297.616 0.040036 20.3455
2740000 300.656 0.040036 20.5007
2744000 302.4 0.040036 20.8752
2748000 298.024 0.040036 20.6244
2752000 299.19 0.040036 19.527
2756000 301.807 0.040036 20.6792
2760000 301.295 0.040036 20.1719
2764000 300.363 0.040036 19.8408
2768000 300.433 0.040036 20.5612
2772000 301.433 0.040036 20.4978
2776000 301.274 0.040036 20.7748
2780000 299.305 0.040036 20.1963
2784000 301.778 0.040036 20.3457
2788000 300.751 0.040036 21.0115
2792000 302.787 0.040036 20.9468
2796000 301.594 0.040036 20.761
2800000 300.062 0.040036 20.3367
2804000 299.894 0.040036 19.7358
2808000 300.007 0.040036 20.2146
2812000 299.102 0.040036 19.9422
2816000 302.095 0.040036 20.4878
2820000 297.954 0.040036 20.3294
2824000 299.663 0.040036 20.6158
2828000 299.181 0.040036 19.9768
2832000 300.094 0.040036 20.0451
2836000 299.017 0.040036 20.3244
2840000 299.625 0.040036 19.9231
2844000 300.52 0.040036 19.9778
2848000 297.628 0.040036 20.1391
2852000 299.959 0.040036 20.0326
2856000 300.817 0.040036 20.8604
2860000 299.612 0.040036 20.5242
2864000 300.411 0.040036 20.0476
2868000 300.927 0.040036 20.2877
2872000 300.307 0.040036 20.1999
2876000 301.892 0.040036 19.8113
2880000 300.664 0.040036 20.26
2884000 299.244 0.040036 20.7943
2888000 299.856 0.040036 20.382
2892000 299.926 0.040036 20.2909
2896000 300.972 0.040036 20.3135
2900000 299.98 0.040036 19.8117
2904000 299.799 0.040036 21.2042
2908000 299.892 0.040036 20.2806
2912000 302.01 0.040036 20.039
2916000 303.294 0.040036 20.1991
2920000 300.545 0.040036 20.7186
2924000 299.932 0.040036 20.5422
2928000 299.018 0.040036 20.6085
2932000 302.069 0.040036 21.203
2936000 299.824 0.040036 19.9586
2940000 300.772 0.040036 19.7254
2944000 301.069 0.040036 20.6995
2948000 299.438 0.040036 19.9264
2952000 299.481 0.040036 19.6013
2956000 298.64 0.040036 19.939
2960000 300.466 0.040036 20.2725
2964000 302.909 0.040036 20.4388
2968000 300.287 0.040036 20.1217
2972000 297.855 0.040036 19.5192
2976000 301.042 0.040036 21.1874
2980000 300.493 0.040036 20.2849
2984000 300.447 0.040036 20.2694
2988000 299.818 0.040036 20.603
2992000 300.523 0.040036 20.7308
2996000 299.223 0.040036 19.5919
3000000 300.109 0.040036 19.8112
3004000 300.023 0.040036 19.81
3008000 298.21 0.040036 20.0187
3012000 298.974 0.040036 19.8698
3016000 301.009 0.040036 20.7792
3020000 298.777 0.040036 19.8196
3024000 299.104 0.040036 20.075
3028000 300.951 0.040036 20.6357
3032000 298.991 0.040036 20.602
3036000 297.175 0.040036 20.1192
3040000 302.067 0.040036 20.5294
3044000 299.154 0.040036 20.5554
3048000 300.372 0.040036 21.2988
3052000 299.191 0.040036 20.5961
3056000 299.148 0.040036 20.168
3060000 299.908 0.040036 20.2131
3064000 298.546 0.040036 19.7721
3068000 298.595 0.040036 19.4675
3072000 300.976 0.040036 20.2585
3076000 298.697 0.040036 20.33
3080000 300.782 0.040036 20.6804
3084000 302.772 0.040036 20.0989
3088000 299.275 0.040036 20.2786
3092000 300.775 0.040036 20.5122
3096000 299.896 0.040036 20.0642
3100000 301.351 0.040036 20.1053
3104000 301.628 0.040036 19.604
3108000 301.211 0.040036 21.1245
3112000 301.144 0.040036 20.4016
3116000 302.403 0.040036 20.3895
3120000 299.844 0.040036 19.502
3124000 300.947 0.040036 20.4614
3128000 299.543 0.040036 20.6738
3132000 301.546 0.040036 20.0179
3136000 300.57 0.040036 20.5088
3140000 302.53 0.040036 20.482
3144000 301.939 0.040036 20.2844
3148000 300.526 0.040036 20.1839
3152000 299.417 0.040036 20.0591
3156000 299.945 0.040036 19.5382
3160000 299.131 0.040036 20.6885
3164000 299.205 0.040036 20.3922
3168000 299.07 0.040036 20.5536
3172000 300.277 0.040036 19.9742
3176000 299.648 0.040036 20.659
3180000 299.515 0.040036 19.8712
3184000 299.917 0.040036 19.9982
3188000 300.363 0.040036 19.9264
3192000 299.992 0.040036 20.7305
3196000 299.545 0.040036 20.5071
3200000 301.292 0.040036 20.9232
3204000 300.918 0.040036 20.826
3208000 300.951 0.040036 20.1697
3212000 299.043 0.040036 20.0425
3216000 300.033 0.040036 20.6489
3220000 299.991 0.040036 20.7425
3224000 301.886 0.040036 21.0656
3228000 300.658 0.040036 21.2097
3232000 299.33 0.040036 20.9431
3236000 298.582 0.040036 20.4863
3240000 300.269 0.040036 21.0251
3244000 300.462 0.040036 20.2832
3248000 299.37 0.040036 20.0058
3252000 302.092 0.040036 20.4606
3256000 300.523 0.040036 20.3701
3260000 300.437 0.040036 20.278
3264000 300.067 0.040036 20.8247
3268000 299.112 0.040036 20.3445
3272000 300.61 0.040036 20.4062
3276000 301.643 0.040036 21.3004
3280000 299.594 0.040036 20.3475
3284000 299.161 0.040036 21.0993
3288000 300.057 0.040036 20.1278
3292000 299.177 0.040036 19.8187
3296000 300.492 0.040036 21.4501
3300000 300.026 0.040036 21.292
3304000 300.205 0.040036 20.2596
3308000 301.503 0.040036 20.472
3312000 300.777 0.040036 20.7824
3316000 299.549 0.040036 20.8966
3320000 299.343 0.040036 20.7446
3324000 299.259 0.040036 19.8221
3328000 300.449 0.040036 20.0409
3332000 301.911 0.040036 20.172
3336000 299.881 0.040036 20.7235
3340000 299.647 0.040036 20.4093
3344000 300.571 0.040036 20.2674
3348000 300.204 0.040036 20.644
3352000 300.614 0.040036 20.2926
3356000 301.632 0.040036 20.2433
3360000 300.377 0.040036 19.6335
3364000 300.425 0.040036 19.6816
3368000 302.331 0.040036 20.6645
3372000 301.741 0.040036 20.5937
3376000 299.852 0.040036 20.6848
3380000 301.172 0.040036 20.5823
3384000 301.514 0.040036 20.4311
3388000 300.172 0.040036 20.4441
3392000 299.907 0.040036 19.8494
3396000 300.297 0.040036 20.6367
3400000 300.785 0.040036 20.7915
3404000 301.449 0.040036 20.7212
3408000 299.217 0.040036 20.4321
3412000 301.384 0.040036 20.4464
3416000 298.893 0.040036 20.5234
3420000 299.161 0.040036 20.4697
3424000 300.276 0.040036 20.676
3428000 300.503 0.040036 20.2674
3432000 300.452 0.040036 20.9976
3436000 300.606 0.040036 19.4826
3440000 300.267 0.040036 20.2231
3444000 299.172 0.040036 20.4882
3448000 302.616 0.040036 20.9843
3452000 300.327 0.040036 20.2877
3456000 299.97 0.040036 20.4244
3460000 299.665 0.040036 20.2702
3464000 300.959 0.040036 20.4844
3468000 301.228 0.040036 20.3662
3472000 301.38 0.040036 21.3174
3476000 300.128 0.040036 20.4255
3480000 300.488 0.040036 20.4434
3484000 301.286 0.040036 20.0683
3488000 299.597 0.040036 19.9887
3492000 300.44 0.040036 20.2327
3496000 300.001 0.040036 20.5178
3500000 302.585 0.040036 20.9757
3504000 298.788 0.040036 20.4766
3508000 301.077 0.040036 20.3616
3512000 300.659 0.040036 20.5137
3516000 299.91 0.040036 20.4197
3520000 300.943 0.040036 20.7697
3524000 300.039 0.040036 20.9519
3528000 300.612 0.040036 20.8089
3532000 300.5 0.040036 20.4424
3536000 300.145 0.040036 20.5348
3540000 301.21 0.040036 20.483
3544000 299.777 0.040036 20.6416
3548000 300.309 0.040036 20.4685
3552000 300.929 0.040036 20.5042
3556000 300.151 0.040036 20.0143
3560000 300.598 0.040036 20.2784
3564000 301.686 0.040036 20.6037
3568000 302.772 0.040036 20.2888
3572000 301.643 0.040036 20.2648
3576000 299.408 0.040036 20.0881
3580000 300.362 0.040036 20.1276
3584000 298.124 0.040036 20.2329
3588000 300.532 0.040036 20.2585
3592000 300.126 0.040036 20.4374
3596000 300.013 0.040036 19.9458
3600000 301.186 0.040036 20.5149
3604000 301.788 0.040036 20.0844
3608000 299.075 0.040036 20.3712
3612000 300.905 0.040036 20.5102
3616000 302.032 0.040036 20.3446
3620000 300.413 0.040036 20.9363
3624000 299.564 0.040036 20.4827
3628000 298.926 0.040036 20.1618
3632000 301.878 0.040036 21.1992
3636000 301.061 0.040036 20.3019
3640000 300.614 0.040036 20.5793
3644000 300.288 0.040036 20.2914
3648000 302.264 0.040036 20.5261
3652000 300.69 0.040036 19.9928
3656000 300.933 0.040036 20.1104
3660000 301.364 0.040036 19.8339
3664000 300.007 0.040036 19.7677
3668000 301.255 0.040036 20.8802
3672000 301.564 0.040036 20.7879
3676000 300.335 0.040036 20.245
3680000 301.774 0.040036 21.4033
3684000 301.052 0.040036 20.6713
3688000 301.235 0.040036 20.8608
3692000 300.527 0.040036 20.2138
3696000 300.438 0.040036 20.9062
3700000 300.74 0.040036 20.3194
3704000 301.843 0.040036 21.0179
3708000 299.181 0.040036 20.3355
3712000 300.483 0.040036 21.0885
3716000 302.099 0.040036 21.0402
3720000 299.877 0.040036 20.8162
3724000 301.441 0.040036 21.0564
3728000 301.002 0.040036 20.2833
3732000 301.109 0.040036 20.1543
3736000 299.159 0.040036 20.4123
3740000 296.725 0.040036 20.6746
3744000 301.914 0.040036 20.7556
3748000 302.451 0.040036 20.5709
3752000 300.63 0.040036 20.8123
3756000 300.496 0.040036 19.5254
3760000 300.629 0.040036 21.4737
3764000 301.691 0.040036 20.7919
3768000 301.851 0.040036 20.6568
3772000 300.394 0.040036 20.5026
3776000 298.921 0.040036 20.3509
3780000 299.886 0.040036 19.4366
3784000 299.198 0.040036 20.6789
3788000 301.698 0.040036 20.7116
3792000 299.886 0.040036 20.1873
3796000 299.717 0.040036 20.9286
3800000 299.715 0.040036 20.7806
3804000 298.688 0.040036 20.6195
3808000 299.94 0.040036 20.0787
3812000 301.07 0.040036 21.2045
3816000 300.987 0.040036 20.4156
3820000 300.811 0.040036 21.2442
3824000 298.736 0.040036 19.7798
3828000 300.976 0.040036 20.6179
3832000 299.626 0.040036 20.1238
3836000 301.07 0.040036 20.0648
3840000 300.875 0.040036 20.2452
3844000 301.891 0.040036 20.5079
3848000 299.595 0.040036 20.1117
3852000 301.12 0.040036 20.4217
3856000 301.363 0.040036 20.5674
3860000 303.355 0.040036 20.8699
3864000 299.654 0.040036 20.4721
3868000 303.13 0.040036 21.1727
3872000 298.975 0.040036 20.2043
3876000 300.171 0.040036 20.0658
3880000 300.185 0.040036 20.0484
3884000 301.05 0.040036 20.6035
3888000 300.476 0.040036 20.5512
3892000 300.094 0.040036 20.454
3896000 301.518 0.040036 19.5017
3900000 300.17 0.040036 20.2129
3904000 299.834 0.040036 20.5644
3908000 299.757 0.040036 20.0252
3912000 302.083 0.040036 20.739
3916000 299.271 0.040036 19.663
3920000 301.689 0.040036 20.4538
3924000 302.019 0.040036 21.1372
3928000 302.317 0.040036 20.1328
3932000 301.449 0.040036 19.9281
3936000 300.33 0.040036 20.0807
3940000 301.153 0.040036 20.0125
3944000 298.273 0.040036 20.1093
3948000 301.257 0.040036 20.1284
3952000 300.119 0.040036 20.0974
3956000 301.922 0.040036 19.9219
3960000 299.432 0.040036 20.3049
3964000 300.881 0.040036 19.3237
3968000 301.527 0.040036 21.1258
3972000 300.121 0.040036 20.3763
3976000 299.993 0.040036 19.9961
3980000 300.322 0.040036 20.2453
3984000 301.587 0.040036 20.2958
3988000 300.554 0.040036 20.0759
3992000 299.912 0.040036 20.3101
3996000 301.047 0.040036 20.2724
4000000 299.939 0.040036 20.1444
4004000 299.604 0.040036 20.7291
4008000 301.541 0.040036 20.5166
4012000 299.433 0.040036 20.427
4016000 300.393 0.040036 20.4979
4020000 300.398 0.040036 20.7318
4024000 299.647 0.040036 20.1746
4028000 298.779 0.040036 20.1663
4032000 300.045 0.040036 20.0262
4036000 300.009 0.040036 19.9328
4040000 299.506 0.040036 20.6398
4044000 300.214 0.040036 20.0057
4048000 299.155 0.040036 19.9
4052000 299.006 0.040036 20.3823
4056000 298.314 0.040036 20.3954
4060000 298.893 0.040036 20.4211
4064000 299.855 0.040036 20.5484
4068000 301.211 0.040036 19.782
4072000 301.471 0.040036 21.2302
4076000 302.037 0.040036 20.0213
4080000 298.294 0.040036 19.9978
4084000 300.047 0.040036 20.7305
4088000 298.901 0.040036 20.5566
4092000 300.811 0.040036 20.7097
4096000 300.436 0.040036 20.2919
4100000 301.587 0.040036 20.6939
4104000 300.067 0.040036 20.5423
4108000 299.017 0.040036 20.6486
4112000 300.711 0.040036 19.8798
4116000 299.591 0.040036 20.9061
4120000 301.111 0.040036 20.579
4124000 299.886 0.040036 20.6955
4128000 300.72 0.040036 20.7624
4132000 298.813 0.040036 19.6466
4136000 299.831 0.040036 20.001
4140000 299.377 0.040036 20.5004
4144000 300.139 0.040036 20.4489
4148000 300.853 0.040036 20.8036
4152000 300.055 0.040036 20.5116
4156000 301.649 0.040036 20.5367
4160000 300.628 0.040036 19.949
4164000 300.702 0.040036 20.8804
4168000 300.351 0.040036 20.0676
4172000 299.23 0.040036 20.0413
4176000 301.467 0.040036 20.731
4180000 299.87 0.040036 20.9884
4184000 300.74 0.040036 20.6204
4188000 300.008 0.040036 19.8815
4192000 302.574 0.040036 20.8119
4196000 299.483 0.040036 20.3883
4200000 299.765 0.040036 20.9314
4204000 301.523 0.040036 20.3157
4208000 297.77 0.040036 20.2718
4212000 299.57 0.040036 19.869
4216000 300.973 0.040036 20.6949
4220000 300.388 0.040036 20.4689
4224000 300.477 0.040036 19.56
4228000 300.885 0.040036 20.2317
4232000 301.261 0.040036 20.1785
4236000 300.604 0.040036 20.8088
4240000 299.216 0.040036 20.0104
4244000 300.488 0.040036 20.2705
4248000 300.774 0.040036 20.6929
4252000 300.858 0.040036 20.8981
4256000 300.882 0.040036 21.2235
4260000 300.505 0.040036 20.9447
4264000 300.044 0.040036 20.6461
4268000 300.621 0.040036 21.217
4272000 298.126 0.040036 20.4292
4276000 301.44 0.040036 20.4743
4280000 300.521 0.040036 21.3133
4284000 299.629 0.040036 20.3176
4288000 299.227 0.040036 20.7231
4292000 299.825 0.040036 20.1681
4296000 300.43 0.040036 20.7251
4300000 297.749 0.040036 20.2346
4304000 301.236 0.040036 20.1831
4308000 301.296 0.040036 20.0238
4312000 299.388 0.040036 20.3346
4316000 300.395 0.040036 19.8805
4320000 299.811 0.040036 20.4327
4324000 299.851 0.040036 20.1525
4328000 301.185 0.040036 20.0221
4332000 299.268 0.040036 20.5149
4336000 300.946 0.040036 20.5411
4340000 301.451 0.040036 20.8444
4344000 299.065 0.040036 20.1045
4348000 300.033 0.040036 20.0251
4352000 299.773 0.040036 20.003
4356000 301.473 0.040036 20.0737
4360000 300.067 0.040036 21.0359
4364000 299.362 0.040036 20.7666
4368000 300.975 0.040036 20.7202
4372000 300.266 0.040036 21.0687
4376000 300.465 0.040036 20.8978
4380000 300.51 0.040036 20.2963
4384000 300.633 0.040036 20.9961
4388000 299.047 0.040036 20.8448
4392000 299.392 0.040036 21.1693
4396000 302.288 0.040036 20.6415
4400000 300.089 0.040036 20.1085
4404000 301.424 0.040036 21.4846
4408000 300.508 0.040036 19.9267
4412000 300.396 0.040036 20.7371
4416000 299.106 0.040036 19.9033
4420000 300.236 0.040036 20.3018
4424000 299.867 0.040036 20.2036
4428000 299.288 0.040036 20.6743
4432000 297.909 0.040036 20.5867
4436000 300.282 0.040036 20.6744
4440000 301.24 0.040036 21.2106
4444000 298.937 0.040036 20.1495
4448000 300.314 0.040036 20.9824
4452000 300.304 0.040036 20.7425
4456000 300.177 0.040036 20.1199
4460000 301.293 0.040036 20.4881
4464000 297.749 0.040036 19.9326
4468000 301.733 0.040036 19.8092
4472000 301.498 0.040036 20.9089
4476000 301.648 0.040036 19.9258
4480000 298.589 0.040036 20.4711
4484000 301.419 0.040036 20.4399
4488000 300.012 0.040036 20.0071
4492000 299.675 0.040036 20.5994
4496000 300.415 0.040036 20.5729
4500000 302.264 0.040036 20.7245
4504000 298.58 0.040036 20.9367
4508000 301.081 0.040036 20.2165
4512000 298.505 0.040036 20.2541
4516000 298.323 0.040036 20.6071
4520000 300.852 0.040036 20.2442
4524000 300.8 0.040036 20.8028
4528000 300.557 0.040036 20.72
4532000 300.236 0.040036 20.465
4536000 300.593 0.040036 20.4503
4540000 298.515 0.040036 20.374
4544000 301.648 0.040036 20.4008
4548000 301.978 0.040036 20.2792
4552000 300.548 0.040036 20.4208
4556000 301.018 0.040036 20.126
4560000 300.847 0.040036 21.3083
4564000 301.22 0.040036 20.3646
4568000 301.488 0.040036 20.1728
4572000 302.151 0.040036 21.2524
4576000 299.063 0.040036 20.6307
4580000 299.82 0.040036 20.225
4584000 297.776 0.040036 19.795
4588000 299.391 0.040036 19.7277
4592000 301.132 0.040036 20.2247
4596000 300.296 0.040036 20.0457
4600000 300.561 0.040036 20.604
4604000 299.762 0.040036 20.4768
4608000 301.27 0.040036 20.3809
4612000 301.99 0.040036 19.7328
4616000 300.646 0.040036 20.7185
4620000 299.323 0.040036 19.7685
4624000 300.616 0.040036 20.8206
4628000 300.858 0.040036 21.3117
4632000 300.811 0.040036 20.5137
4636000 301.456 0.040036 20.4504
4640000 299.738 0.040036 20.2696
4644000 299.92 0.040036 20.5386
4648000 300.861 0.040036 20.7377
4652000 300.196 0.040036 20.5344
4656000 302.116 0.040036 20.0235
4660000 299.311 0.040036 19.5092
4664000 299.246 0.040036 20.1904
4668000 299.195 0.040036 20.4025
4672000 301.167 0.040036 20.171
4676000 301.3 0.040036 20.7431
4680000 299.968 0.040036 19.8936
4684000 299.883 0.040036 20.977
4688000 300.187 0.040036 19.891
4692000 299.966 0.040036 20.6763
4696000 302.382 0.040036 20.2246
4700000 299.108 0.040036 20.353
4704000 300.522 0.040036 20.5817
4708000 301.192 0.040036 21.1271
4712000 300.724 0.040036 20.5237
4716000 300.192 0.040036 20.6663
4720000 302.138 0.040036 19.9823
4724000 300.43 0.040036 20.3825
4728000 299.944 0.040036 20.7437
4732000 298.695 0.040036 20.7461
4736000 300.282 0.040036 20.1659
4740000 299.26 0.040036 20.1978
4744000 300.988 0.040036 20.5485
4748000 301.807 0.040036 20.6519
4752000 299.718 0.040036 19.9107
4756000 298.493 0.040036 20.5297
4760000 299.507 0.040036 19.9986
4764000 301.137 0.040036 20.9958
4768000 299.201 0.040036 20.0793
4772000 300.103 0.040036 20.0166
4776000 300.834 0.040036 19.4666
4780000 300.197 0.040036 20.1819
4784000 299.715 0.040036 20.5287
4788000 300.606 0.040036 20.1006
4792000 300.335 0.040036 20.5171
4796000 300.778 0.040036 20.8675
4800000 298.808 0.040036 20.7053
4804000 298.173 0.040036 20.7139
4808000 298.169 0.040036 19.8064
4812000 298.966 0.040036 20.6515
4816000 298.991 0.040036 19.7381
4820000 299.971 0.040036 20.3289
4824000 301.188 0.040036 19.8941
4828000 300.355 0.040036 20.2594
4832000 300.731 0.040036 21.191
4836000 301.498 0.040036 20.7707
4840000 297.19 0.040036 20.5592
4844000 299.993 0.040036 19.9973
4848000 299.858 0.040036 20.8453
4852000 301.965 0.040036 21.1775
4856000 298.457 0.040036 20.1575
4860000 298.971 0.040036 20.4265
4864000 301.231 0.040036 20.3007
4868000 299.82 0.040036 19.9499
4872000 299.914 0.040036 19.7221
4876000 302.195 0.040036 21.1013
4880000 299.769 0.040036 20.31
4884000 301.784 0.040036 20.3937
4888000 300.53 0.040036 20.225
4892000 300.17 0.040036 19.4473
4896000 299.39 0.040036 19.5503
4900000 299.027 0.040036 20.3745
4904000 301.179 0.040036 20.2635
4908000 299.91 0.040036 20.3388
4912000 300.334 0.040036 20.5041
4916000 298.748 0.040036 20.6992
4920000 300.79 0.040036 20.1886
4924000 300.655 0.040036 20.1266
4928000 300.791 0.040036 20.3762
4932000 301.263 0.040036 19.7715
4936000 300.489 0.040036 20.5729
4940000 301.032 0.040036 19.9264
4944000 300.307 0.040036 19.9153
4948000 300.055 0.040036 20.6955
4952000 300.325 0.040036 19.9259
4956000 300.75 0.040036 20.7832
4960000 300.019 0.040036 20.6794
4964000 299.793 0.040036 20.5113
4968000 299.606 0.040036 20.4349
4972000 301.554 0.040036 20.9366
4976000 299.305 0.040036 19.58
4980000 299.231 0.040036 20.1909
4984000 301.203 0.040036 20.9799
4988000 299.973 0.040036 20.4389
4992000 300.431 0.040036 20.486
4996000 299.562 0.040036 20.2657
5000000 301.037 0.040036 20.7403
5004000 301.39 0.040036 21.0988
5008000 299.623 0.040036 20.6516
5012000 300.129 0.040036 20.7364
5016000 302.638 0.040036 20.5345
5020000 299.35 0.040036 19.4491
5024000 299.204 0.040036 19.9858
5028000 298.316 0.040036 20.208
5032000 300.029 0.040036 20.3537
5036000 299.058 0.040036 20.75
5040000 301.437 0.040036 20.4066
5044000 301.004 0.040036 20.1979
5048000 298.7 0.040036 20.0153
5052000 300.692 0.040036 20.4719
5056000 300.278 0.040036 20.5335
5060000 299.493 0.040036 20.5245
5064000 297.835 0.040036 20.398
5068000 297.834 0.040036 20.6137
5072000 299.745 0.040036 20.5193
5076000 300.121 0.040036 20.5133
5080000 299.422 0.040036 19.9374
5084000 300.989 0.040036 20.1246
5088000 299.976 0.040036 20.6628
5092000 299.797 0.040036 20.623
5096000 299.816 0.040036 20.2425
5100000 300.264 0.040036 20.8005
5104000 302.398 0.040036 20.818
5108000 301.665 0.040036 20.4865
5112000 300.392 0.040036 19.8067
5116000 300.005 0.040036 20.0749
5120000 300.459 0.040036 19.7179
5124000 301.379 0.040036 20.22
5128000 299.959 0.040036 20.2694
5132000 299.815 0.040036 19.6344
5136000 299.843 0.040036 19.4588
5140000 299.726 0.040036 20.1048
5144000 300.643 0.040036 20.6499
5148000 298.734 0.040036 20.2127
5152000 299.671 0.040036 20.5989
5156000 300.489 0.040036 20.2338
5160000 300.295 0.040036 20.7905
5164000 299.906 0.040036 20.1854
5168000 299.028 0.040036 20.1381
5172000 300.081 0.040036 20.141
5176000 299.224 0.040036 20.0249
5180000 300.613 0.040036 20.1336
5184000 299.191 0.040036 20.1302
5188000 299.365 0.040036 19.9065
5192000 300.148 0.040036 19.8862
5196000 299.245 0.040036 20.2045
5200000 299.113 0.040036 19.8052
5204000 300.192 0.040036 20.3599
5208000 299.179 0.040036 20.3219
5212000 301.069 0.040036 20.0373
5216000 301.223 0.040036 20.1064
5220000 301.346 0.040036 20.1505
5224000 301.202 0.040036 20.3609
5228000 299.154 0.040036 20.4233
5232000 299.449 0.040036 19.9216
5236000 299.111 0.040036 20.7014
5240000 301.006 0.040036 20.8724
5244000 299.752 0.040036 20.5784
5248000 300.445 0.040036 20.9752
5252000 299.663 0.040036 20.3966
5256000 301.247 0.040036 20.4718
5260000 300.498 0.040036 20.1354
5264000 301.89 0.040036 20.5985
5268000 302.76 0.040036 20.7842
5272000 299.857 0.040036 20.7545
5276000 302.335 0.040036 20.7784
5280000 300.33 0.040036 20.6729
5284000 299.635 0.040036 20.1351
5288000 300.512 0.040036 20.0282
5292000 300.444 0.040036 20.0351
5296000 301.618 0.040036 21.1309
5300000 299.786 0.040036 20.5728
5304000 300.453 0.040036 20.9172
5308000 299.997 0.040036 19.9563
5312000 301.022 0.040036 20.3562
5316000 300.607 0.040036 20.6452
5320000 301.417 0.040036 19.9626
5324000 299.81 0.040036 20.1918
5328000 301.154 0.040036 20.8863
5332000 299.281 0.040036 20.3739
5336000 300.077 0.040036 20.6883
5340000 301.107 0.040036 20.3402
5344000 299.884 0.040036 20.4977
5348000 300.05 0.040036 20.8635
5352000 301.589 0.040036 20.5297
5356000 299.376 0.040036 20.2406
5360000 301.614 0.040036 20.8004
5364000 300.951 0.040036 20.5553
5368000 299.569 0.040036 20.3714
5372000 300.459 0.040036 20.4625
5376000 299.483 0.040036 20.0227
5380000 301.903 0.040036 20.8226
5384000 299.242 0.040036 20.308
5388000 300.178 0.040036 20.0867
5392000 301.018 0.040036 20.0304
5396000 299.358 0.040036 20.4989
5400000 301.131 0.040036 20.3181
5404000 301.462 0.040036 20.5814
5408000 300.099 0.040036 20.9844
5412000 299.184 0.040036 20.3246
5416000 299.326 0.040036 20.3246
5420000 301.09 0.040036 20.2568
5424000 299.715 0.040036 21.2247
5428000 300.831 0.040036 20.4506
5432000 300.391 0.040036 20.3836
5436000 301.99 0.040036 20.8458
5440000 300.468 0.040036 20.642
5444000 299.798 0.040036 19.9382
5448000 298.521 0.040036 20.5649
5452000 299.306 0.040036 20.3546
5456000 299.797 0.040036 20.9621
5460000 301.69 0.040036 20.0325
5464000 298.981 0.040036 20.2965
5468000 300.247 0.040036 20.2436
5472000 301.637 0.040036 19.8013
5476000 298.857 0.040036 20.0398
5480000 300.253 0.040036 20.49
5484000 299.974 0.040036 20.1024
5488000 302.19 0.040036 20.49
5492000 301.712 0.040036 20.5296
5496000 302.824 0.040036 20.3735
5500000 300.611 0.040036 19.9273
5504000 299.457 0.040036 20.1245
5508000 298.915 0.040036 20.0667
5512000 300.48 0.040036 20.4426
5516000 300.94 0.040036 21.4717
5520000 298.405 0.040036 19.3971
5524000 299.867 0.040036 20.1314
5528000 300.994 0.040036 20.1568
5532000 299.238 0.040036 20.0069
5536000 299.267 0.040036 19.4535
5540000 299.449 0.040036 20.3773
5544000 300.34 0.040036 19.8004
5548000 300.849 0.040036 20.0868
5552000 300.724 0.040036 19.69
5556000 300.195 0.040036 19.7719
5560000 301.453 0.040036 19.7341
5564000 300.855 0.040036 19.7779
5568000 299.644 0.040036 20.0598
5572000 302.063 0.040036 19.628
5576000 300.746 0.040036 19.0468
5580000 298.918 0.040036 20.0204
5584000 300.611 0.040036 20.808
5588000 301.822 0.040036 20.0074
5592000 300.01 0.040036 21.0282
5596000 298.603 0.040036 20.2583
5600000 300.105 0.040036 20.4175
5604000 300.034 0.040036 20.17
5608000 300.017 0.040036 19.9393
5612000 299.09 0.040036 20.498
5616000 299.919 0.040036 20.4644
5620000 299.558 0.040036 21.0777
5624000 301.29 0.040036 20.5449
5628000 299.525 0.040036 19.9597
5632000 298.105 0.040036 20.666
5636000 300.938 0.040036 20.425
5640000 300.312 0.040036 20.6889
5644000 300.584 0.040036 19.8063
5648000 300.922 0.040036 20.4974
5652000 299.846 0.040036 20.7169
5656000 300.226 0.040036 20.6891
5660000 300.532 0.040036 20.7224
5664000 300.18 0.040036 19.8277
5668000 301.7 0.040036 20.0903
5672000 301.723 0.040036 19.8293
5676000 299.929 0.040036 20.1302
5680000 301.122 0.040036 20.462
5684000 300.504 0.040036 21.3988
5688000 300.981 0.040036 20.399
5692000 299.538 0.040036 20.1534
5696000 299.558 0.040036 20.1522
5700000 298.13 0.040036 20.2375
5704000 300.523 0.040036 19.8466
5708000 300.26 0.040036 20.6559
5712000 299.573 0.040036 20.8639
5716000 298.232 0.040036 20.0309
5720000 300.935 0.040036 20.7769
5724000 300.635 0.040036 20.6571
5728000 300.879 0.040036 20.3762
5732000 300.541 0.040036 19.9385
5736000 300.655 0.040036 20.9357
5740000 299.425 0.040036 20.1382
5744000 300.784 0.040036 19.8219
5748000 300.101 0.040036 19.8069
5752000 299.617 0.040036 20.3144
5756000 299.93 0.040036 20.1637
5760000 299.486 0.040036 20.2723
5764000 299.968 0.040036 19.9418
5768000 301.255 0.040036 20.1778
5772000 300.813 0.040036 20.4647
5776000 300.089 0.040036 20.5861
5780000 299.941 0.040036 20.415
5784000 298.992 0.040036 20.7836
5788000 300.731 0.040036 20.4601
5792000 300.389 0.040036 20.2401
5796000 300.15 0.040036 20.4215
5800000 300.098 0.040036 20.4413
5804000 301.891 0.040036 20.9085
5808000 300.266 0.040036 20.7338
5812000 300.56 0.040036 20.4523
5816000 298.655 0.040036 20.1941
5820000 301.315 0.040036 20.972
5824000 301.264 0.040036 19.7079
5828000 300.941 0.040036 20.4396
5832000 301.023 0.040036 20.3717
5836000 300.242 0.040036 20.5674
5840000 298.746 0.040036 20.1277
5844000 298.606 0.040036 20.6024
5848000 300.768 0.040036 20.1822
5852000 301.328 0.040036 19.9941
5856000 300.172 0.040036 20.5572
5860000 301.302 0.040036 20.7006
5864000 299.901 0.040036 21.1377
5868000 300.15 0.040036 20.3606
5872000 299.193 0.040036 20.2119
5876000 302.892 0.040036 20.1131
5880000 301.889 0.040036 20.4672
5884000 299.921 0.040036 19.6935
5888000 299.887 0.040036 20.7198
5892000 300.944 0.040036 20.4188
5896000 298.321 0.040036 20.4098
5900000 298.805 0.040036 20.1069
5904000 300.729 0.040036 20.456
5908000 300.214 0.040036 19.9634
5912000 298.616 0.040036 20.2525
5916000 298.817 0.040036 19.3729
5920000 300.716 0.040036 20.504
5924000 298.995 0.040036 19.9014
5928000 300.921 0.040036 20.1993
5932000 299.287 0.040036 20.1179
5936000 299.865 0.040036 19.6754
5940000 300.082 0.040036 20.8716
5944000 301.319 0.040036 20.5218
5948000 301.252 0.040036 20.1251
5952000 299.356 0.040036 20.2297
5956000 301.43 0.040036 20.4272
5960000 298.885 0.040036 20.192
5964000 301.756 0.040036 20.7727
5968000 298.8 0.040036 20.661
5972000 301.322 0.040036 19.7653
5976000 299.425 0.040036 20.3748
5980000 301.791 0.040036 20.4603
5984000 298.221 0.040036 20.1299
5988000 299.104 0.040036 20.6167
5992000 299.287 0.040036 19.7979
5996000 302.362 0.040036 20.5871
6000000 301.409 0.040036 19.8093
6004000 298.756 0.040036 20.2325
6008000 298.29 0.040036 19.8439
6012000 299.919 0.040036 20.3512
6016000 300.783 0.040036 20.5603
6020000 300.828 0.040036 20.2741
6024000 301.489 0.040036 20.2726
6028000 299.326 0.040036 20.7394
6032000 299.663 0.040036 20.0332
6036000 299.356 0.040036 20.4521
6040000 301.748 0.040036 20.2235
6044000 300.746 0.040036 20.9004
6048000 302.271 0.040036 19.9553
6052000 301.131 0.040036 20.6545
6056000 301.658 0.040036 20.2391
6060000 301.609 0.040036 19.9083
6064000 301.578 0.040036 20.7694
6068000 302.192 0.040036 20.8097
6072000 301.462 0.040036 19.9313
6076000 300.071 0.040036 20.2927
6080000 299.618 0.040036 20.1832
6084000 300.584 0.040036 20.6881
6088000 300.739 0.040036 21.045
6092000 299.232 0.040036 20.6231
6096000 300.144 0.040036 21.1507
6100000 300.598 0.040036 21.1531
6104000 300.671 0.040036 20.2095
6108000 298.979 0.040036 20.2616
6112000 302.853 0.040036 20.3269
6116000 301.071 0.040036 20.1879
6120000 301.991 0.040036 20.7918
6124000 298.86 0.040036 20.2731
6128000 298.591 0.040036 20.3877
6132000 301.391 0.040036 20.2645
6136000 299.673 0.040036 21.1221
6140000 300.174 0.040036 20.2412
6144000 302.956 0.040036 20.493
6148000 300.218 0.040036 20.6908
6152000 300.601 0.040036 20.0139
6156000 299.867 0.040036 20.3899
6160000 300.187 0.040036 20.2023
6164000 299.724 0.040036 20.2659
6168000 298.921 0.040036 20.0979
6172000 301.83 0.040036 21.0654
6176000 301.531 0.040036 20.4622
6180000 302.115 0.040036 20.4566
6184000 300.931 0.040036 20.5985
6188000 298.371 0.040036 19.9124
6192000 299.82 0.040036 20.3363
6196000 299.434 0.040036 20.0749
6200000 299.219 0.040036 20.2446
6204000 297.95 0.040036 19.0068
6208000 302.042 0.040036 21.2686
6212000 300.663 0.040036 20.5871
6216000 301.104 0.040036 21.0798
6220000 299.451 0.040036 20.6306
6224000 300.386 0.040036 20.4178
6228000 301.435 0.040036 20.2604
6232000 300.011 0.040036 19.971
6236000 299.565 0.040036 20.2441
6240000 300.15 0.040036 20.0066
6244000 299.791 0.040036 19.7241
6248000 299.754 0.040036 20.1475
6252000 300.566 0.040036 19.7497
6256000 299.755 0.040036 20.3179
6260000 301.726 0.040036 19.98
6264000 303.624 0.040036 20.9358
6268000 301.325 0.040036 19.7784
6272000 300.762 0.040036 21.243
6276000 300.217 0.040036 20.6654
6280000 298.703 0.040036 20.155
6284000 299.676 0.040036 19.7364
6288000 300.137 0.040036 19.6594
6292000 300.592 0.040036 19.8222
6296000 299.24 0.040036 19.9817
6300000 300.122 0.040036 20.2681
6304000 298.763 0.040036 19.3264
6308000 299.263 0.040036 20.4445
6312000 300.097 0.040036 19.589
6316000 299.903 0.040036 20.1125
6320000 302.231 0.040036 20.6772
6324000 297.955 0.040036 19.8899
6328000 299.789 0.040036 20.1783
6332000 301.45 0.040036 20.3589
6336000 300.361 0.040036 20.9694
6340000 300.784 0.040036 20.1327
6344000 300.668 0.040036 20.8601
6348000 300.778 0.040036 20.534
6352000 300.979 0.040036 20.6246
6356000 299.86 0.040036 20.6162
6360000 301.168 0.040036 21.0877
6364000 300.055 0.040036 20.3626
6368000 301.92 0.040036 21.1623
6372000 298.922 0.040036 20.4573
6376000 301.161 0.040036 20.7762
6380000 302.528 0.040036 20.5611
6384000 301.16 0.040036 20.2388
6388000 299.36 0.040036 20.133
6392000 301.173 0.040036 20.5094
6396000 300.121 0.040036 20.5204
6400000 301.095 0.040036 20.4419
6404000 301.467 0.040036 19.7514
6408000 302.411 0.040036 20.3935
6412000 299.961 0.040036 19.4982
6416000 300.614 0.040036 20.8225
6420000 300.331 0.040036 20.3825
6424000 300.614 0.040036 20.2294
6428000 300.98 0.040036 20.76
6432000 299.628 0.040036 20.5391
6436000 299.947 0.040036 19.8382
6440000 300.295 0.040036 20.6009
6444000 298.531 0.040036 19.7153
6448000 300.207 0.040036 20.3025
6452000 299.297 0.040036 20.2859
6456000 299.804 0.040036 20.4035
6460000 299.325 0.040036 19.9075
6464000 301.717 0.040036 21.2778
6468000 297.602 0.040036 20.3232
6472000 300.526 0.040036 20.4753
6476000 299.895 0.040036 20.5761
6480000 301.098 0.040036 20.4652
6484000 300.856 0.040036 20.9014
6488000 300.146 0.040036 20.8442
6492000 299.048 0.040036 20.1046
6496000 301.049 0.040036 20.4001
6500000 300.715 0.040036 19.8353
6504000 300.392 0.040036 20.8141
6508000 299.703 0.040036 20.6938
6512000 301.097 0.040036 20.3935
6516000 300.789 0.040036 19.9687
6520000 299.981 0.040036 20.3204
6524000 300.089 0.040036 20.0749
6528000 301.533 0.040036 20.4089
6532000 300.536 0.040036 20.6991
6536000 299.924 0.040036 20.0319
6540000 300.008 0.040036 20.8509
6544000 300.62 0.040036 20.6027
6548000 303.795 0.040036 20.5037
6552000 300.846 0.040036 20.2995
6556000 301.399 0.040036 20.0384
6560000 301.098 0.040036 20.1588
6564000 302.184 0.040036 19.9486
6568000 300.786 0.040036 19.9693
6572000 300.8 0.040036 20.7891
6576000 299.025 0.040036 20.7061
6580000 300.864 0.040036 20.4989
6584000 299.984 0.040036 20.5973
6588000 299.121 0.040036 19.9229
6592000 299.268 0.040036 20.0118
6596000 301.983 0.040036 20.9172
6600000 301.439 0.040036 20.8426
6604000 301.178 0.040036 20.0681
6608000 301.683 0.040036 20.2931
6612000 301.601 0.040036 20.272
6616000 299.92 0.040036 20.3979
6620000 301.133 0.040036 20.3328
6624000 300.065 0.040036 20.4582
6628000 301.535 0.040036 20.4436
6632000 298.233 0.040036 20.4721
6636000 300.578 0.040036 19.9074
6640000 300.613 0.040036 19.7502
6644000 300.979 0.040036 20.1721
6648000 299.979 0.040036 20.691
6652000 300.104 0.040036 20.737
6656000 299.2 0.040036 19.9444
6660000 299.083 0.040036 20.2943
6664000 300.065 0.040036 20.7377
6668000 300.893 0.040036 19.576
6672000 301.081 0.040036 20.3182
6676000 300.51 0.040036 20.5924
6680000 299.062 0.040036 20.6078
6684000 300.262 0.040036 19.9242
6688000 300.284 0.040036 20.9374
6692000 299.612 0.040036 19.099
6696000 299.717 0.040036 20.5855
6700000 300.844 0.040036 20.2824
6704000 299.757 0.040036 20.0901
6708000 299.481 0.040036 20.181
6712000 300.55 0.040036 20.4166
6716000 300.084 0.040036 20.0171
6720000 301.597 0.040036 20.2815
6724000 300.364 0.040036 20.2005
6728000 298.582 0.040036 20.4069
6732000 301.186 0.040036 19.9924
6736000 298.721 0.040036 20.2165
6740000 299.373 0.040036 20.6167
6744000 300.224 0.040036 19.9978
6748000 302.339 0.040036 20.4644
6752000 299.214 0.040036 19.951
6756000 301.349 0.040036 19.786
6760000 299.284 0.040036 20.2155
6764000 300.67 0.040036 19.8514
6768000 300.846 0.040036 21.3707
6772000 300.433 0.040036 21.0608
6776000 300.878 0.040036 21.0202
6780000 300.367 0.040036 20.2034
6784000 302.116 0.040036 20.7675
6788000 298.601 0.040036 20.8199
6792000 299.406 0.040036 20.2228
6796000 298.857 0.040036 19.7253
6800000 301.331 0.040036 19.9837
6804000 299.774 0.040036 20.4274
6808000 300.741 0.040036 20.0161
6812000 301.339 0.040036 20.5841
6816000 298.893 0.040036 20.6756
6820000 301.625 0.040036 20.3289
6824000 302.16 0.040036 20.1029
6828000 299.015 0.040036 20.4099
6832000 301.607 0.040036 20.5243
6836000 301.047 0.040036 20.1742
6840000 300.23 0.040036 20.8892
6844000 301.368 0.040036 20.1428
6848000 300.958 0.040036 20.6594
6852000 300.274 0.040036 20.7831
6856000 302.176 0.040036 20.6322
6860000 300.237 0.040036 20.5588
6864000 300.289 0.040036 20.2021
6868000 299.116 0.040036 19.9062
6872000 300.506 0.040036 21.1712
6876000 300.126 0.040036 20.2075
6880000 300.317 0.040036 21.0747
6884000 299.319 0.040036 20.6585
6888000 298.64 0.040036 20.8017
6892000 300.543 0.040036 20.6472
6896000 299.895 0.040036 20.3578
6900000 300.57 0.040036 21.011
6904000 299.331 0.040036 20.3977
6908000 300.296 0.040036 20.4872
6912000 300.425 0.040036 20.1966
6916000 298.565 0.040036 19.6635
6920000 300.324 0.040036 20.7682
6924000 300.866 0.040036 20.0456
6928000 300.825 0.040036 20.0927
6932000 301.86 0.040036 20.2993
6936000 302.309 0.040036 20.6945
6940000 302.053 0.040036 20.988
6944000 299.73 0.040036 20.4698
6948000 300.897 0.040036 20.8133
6952000 297.467 0.040036 19.674
6956000 299.924 0.040036 20.8296
6960000 299.313 0.040036 20.0939
6964000 299.912 0.040036 19.8118
6968000 300.09 0.040036 20.293
6972000 300.575 0.040036 20.3064
6976000 298.78 0.040036 20.3825
6980000 300.973 0.040036 20.2445
6984000 299.692 0.040036 20.9217
6988000 298.888 0.040036 20.0445
6992000 300.613 0.040036 20.8835
6996000 299.481 0.040036 20.2691
7000000 299.523 0.040036 20.473
7004000 300.046 0.040036 19.8841
7008000 300.8 0.040036 21.4622
7012000 300.999 0.040036 20.4417
7016000 303.194 0.040036 20.3784
7020000 302.077 0.040036 20.1403
7024000 301.03 0.040036 20.9935
7028000 302.181 0.040036 20.5553
7032000 298.876 0.040036 19.7275
7036000 300.43 0.040036 20.4591
7040000 301.036 0.040036 20.5206
7044000 299.454 0.040036 19.9619
7048000 299.474 0.040036 20.3716
7052000 300.203 0.040036 20.8865
7056000 300.677 0.040036 20.9546
7060000 300.746 0.040036 20.2926
7064000 300.441 0.040036 19.4791
7068000 299.704 0.040036 20.3825
7072000 300.665 0.040036 20.0357
7076000 300.399 0.040036 20.6189
7080000 300.75 0.040036 20.3847
7084000 301.222 0.040036 20.1521
7088000 301.285 0.040036 20.5508
7092000 299.121 0.040036 20.5638
7096000 300.481 0.040036 20.5257
7100000 302.533 0.040036 20.5716
7104000 299.616 0.040036 20.8476
7108000 299.442 0.040036 20.2888
7112000 300.29 0.040036 20.5332
7116000 300.069 0.040036 20.5105
7120000 300.229 0.040036 20.3361
7124000 299.366 0.040036 19.8059
7128000 300.74 0.040036 19.9449
7132000 300.558 0.040036 20.5065
7136000 301.238 0.040036 20.6779
7140000 300 0.040036 19.8733
7144000 300.4 0.040036 21.4315
7148000 299.844 0.040036 20.2432
7152000 300.161 0.040036 20.5745
7156000 298.885 0.040036 20.0642
7160000 301.157 0.040036 21.0357
7164000 299.048 0.040036 19.952
7168000 300.855 0.040036 20.0628
7172000 301.12 0.040036 20.4526
7176000 301.64 0.040036 20.7358
7180000 301.013 0.040036 20.7568
7184000 299.791 0.040036 21.1165
7188000 300.069 0.040036 20.1128
7192000 298.62 0.040036 20.7727
7196000 299.803 0.040036 20.0209
7200000 299.362 0.040036 19.8882
7204000 301.459 0.040036 20.8965
7208000 301.555 0.040036 20.12
7212000 299.357 0.040036 20.6344
7216000 300.892 0.040036 20.1985
7220000 301.121 0.040036 20.4808
7224000 303.236 0.040036 20.542
7228000 302.703 0.040036 20.0182
7232000 300.174 0.040036 20.13
7236000 301.014 0.040036 20.2446
7240000 300.138 0.040036 20.4006
7244000 302.526 0.040036 20.1896
7248000 300.273 0.040036 20.8021
7252000 303.115 0.040036 20.6629
7256000 301.686 0.040036 20.1788
7260000 300.287 0.040036 20.1825
7264000 300.309 0.040036 20.6077
7268000 300.397 0.040036 19.8395
7272000 299.358 0.040036 21.0487
7276000 300.548 0.040036 20.5361
7280000 300.531 0.040036 20.7307
7284000 299.772 0.040036 20.9338
7288000 299.095 0.040036 20.5521
7292000 302.828 0.040036 19.9048
7296000 299.8 0.040036 20.388
7300000 299.84 0.040036 20.4245
7304000 299.07 0.040036 20.3137
7308000 298.111 0.040036 19.6617
7312000 298.775 0.040036 20.3352
7316000 300.366 0.040036 20.3279
7320000 299.572 0.040036 19.5303
7324000 301.759 0.040036 20.657
7328000 300.108 0.040036 19.8097
7332000 300.531 0.040036 20.6665
7336000 299.772 0.040036 20.5736
7340000 299.468 0.040036 20.5904
7344000 299.869 0.040036 20.0392
7348000 300.376 0.040036 21.2507
7352000 300.471 0.040036 20.4839
7356000 300.989 0.040036 20.1378
7360000 299.801 0.040036 20.2241
7364000 300.658 0.040036 20.0742
7368000 301.093 0.040036 20.3146
7372000 301.115 0.040036 20.6377
7376000 299.788 0.040036 20.4732
7380000 299.189 0.040036 20.7245
7384000 298.174 0.040036 19.9171
7388000 299.759 0.040036 20.1705
7392000 301.687 0.040036 20.9785
7396000 300.265 0.040036 21.2148
7400000 301.388 0.040036 20.9193
7404000 301.353 0.040036 20.2311
7408000 300.261 0.040036 20.1115
7412000 299.732 0.040036 20.7382
7416000 299.664 0.040036 20.1693
7420000 298.481 0.040036 19.6149
7424000 300.601 0.040036 20.4724
7428000 301.187 0.040036 20.6733
7432000 300.259 0.040036 20.3657
7436000 298.015 0.040036 20.1525
7440000 299.021 0.040036 20.2008
7444000 300.473 0.040036 20.2922
7448000 300.615 0.040036 20.3664
7452000 298.139 0.040036 20.333
7456000 299.399 0.040036 20.4427
7460000 300.416 0.040036 20.6368
7464000 300.433 0.040036 20.5958
7468000 301.344 0.040036 20.1758
7472000 300.132 0.040036 20.5299
7476000 300.456 0.040036 20.2563
7480000 298.863 0.040036 20.7102
7484000 300.259 0.040036 20.8042
7488000 300.792 0.040036 20.259
7492000 301.677 0.040036 20.7613
7496000 300.17 0.040036 20.4857
7500000 299.932 0.040036 20.2541
7504000 301.135 0.040036 20.4598
7508000 297.902 0.040036 19.944
7512000 301.228 0.040036 20.5185
7516000 301.689 0.040036 20.7275
7520000 301.054 0.040036 20.1358
7524000 301.929 0.040036 20.6462
7528000 299.503 0.040036 20.8791
7532000 300.495 0.040036 21.1192
7536000 298.255 0.040036 20.5104
7540000 299.226 0.040036 20.7556
7544000 300.768 0.040036 20.1553
7548000 299.191 0.040036 20.1114
7552000 300.692 0.040036 20.3705
7556000 300.925 0.040036 21.2092
7560000 300.907 0.040036 20.0577
7564000 301.643 0.040036 20.5213
7568000 302.285 0.040036 20.2479
7572000 299.526 0.040036 20.7379
7576000 298.514 0.040036 20.0979
7580000 299.571 0.040036 19.9773
7584000 300.975 0.040036 20.3863
7588000 301.119 0.040036 19.6761
7592000 300.792 0.040036 20.3216
7596000 300.011 0.040036 20.0405
7600000 300.266 0.040036 20.2437
7604000 300.55 0.040036 20.865
7608000 302.213 0.040036 20.4122
7612000 298.874 0.040036 21.1591
7616000 301.794 0.040036 20.6827
7620000 300.577 0.040036 19.8604
7624000 299.7 0.040036 20.9677
7628000 302.036 0.040036 20.464
7632000 300.301 0.040036 20.3498
7636000 297.616 0.040036 20.3847
7640000 299.759 0.040036 20.5422
7644000 300.61 0.040036 19.9307
7648000 301.31 0.040036 20.2641
7652000 302.182 0.040036 20.7674
7656000 298.396 0.040036 20.6967
7660000 300.077 0.040036 20.2176
7664000 299.689 0.040036 20.1111
7668000 301.506 0.040036 20.0236
7672000 301.628 0.040036 20.2551
7676000 300.366 0.040036 21.191
7680000 301.838 0.040036 20.612
7684000 300.31 0.040036 20.8904
7688000 302.044 0.040036 21.0315
7692000 298.545 0.040036 21.1848
7696000 300.962 0.040036 20.3128
7700000 300.236 0.040036 21.1451
7704000 302.202 0.040036 20.9195
7708000 301.876 0.040036 20.8132
7712000 298.788 0.040036 20.0539
7716000 299.627 0.040036 21.0158
7720000 299.319 0.040036 20.83
7724000 300.727 0.040036 19.6412
7728000 300.671 0.040036 20.5839
7732000 301.597 0.040036 20.5885
7736000 299.091 0.040036 20.2229
7740000 298.76 0.040036 20.4443
7744000 298.393 0.040036 20.7127
7748000 302.326 0.040036 20.0722
7752000 300.377 0.040036 19.78
7756000 301.364 0.040036 20.1625
7760000 300.353 0.040036 20.2895
7764000 298.123 0.040036 20.4382
7768000 298.835 0.040036 20.1359
7772000 299.788 0.040036 21.1525
7776000 301.317 0.040036 20.531
7780000 301.383 0.040036 20.451
7784000 301.81 0.040036 20.4292
7788000 301.307 0.040036 20.6075
7792000 300.685 0.040036 20.7205
7796000 301.156 0.040036 20.2678
7800000 298.46 0.040036 21.075
7804000 300.89 0.040036 20.5024
7808000 300.009 0.040036 19.7575
7812000 301.278 0.040036 20.8235
7816000 300.274 0.040036 19.835
7820000 300.292 0.040036 20.0885
7824000 300.81 0.040036 20.307
7828000 301.257 0.040036 20.4732
7832000 300.792 0.040036 21.3909
7836000 301.342 0.040036 20.8754
7840000 300.622 0.040036 20.722
7844000 299.784 0.040036 21.3083
7848000 301.781 0.040036 21.067
7852000 300.644 0.040036 20.1129
7856000 300.528 0.040036 20.2042
7860000 299.36 0.040036 20.4592
7864000 301.302 0.040036 20.7068
7868000 301.182 0.040036 20.5141
7872000 301.27 0.040036 20.641
7876000 301.289 0.040036 20.5943
7880000 301.105 0.040036 20.452
7884000 299.606 0.040036 20.1196
7888000 301.528 0.040036 20.0946
7892000 300.839 0.040036 20.3692
7896000 301.739 0.040036 20.0953
7900000 299.467 0.040036 20.0945
7904000 300.496 0.040036 20.856
7908000 300.403 0.040036 20.1275
7912000 300.979 0.040036 21.1886
7916000 298.96 0.040036 21.0448
7920000 301.586 0.040036 20.6509
7924000 300.378 0.040036 20.2301
7928000 300.362 0.040036 20.5971
7932000 301.857 0.040036 20.2882
7936000 300.435 0.040036 20.8567
7940000 300.688 0.040036 20.3996
7944000 300.874 0.040036 20.5784
7948000 300.165 0.040036 20.4282
7952000 299.83 0.040036 20.6092
7956000 301.427 0.040036 20.5644
7960000 301.174 0.040036 20.6722
7964000 299.555 0.040036 19.9747
7968000 300.367 0.040036 21.3672
7972000 300.538 0.040036 20.783
7976000 300.064 0.040036 20.5112
7980000 300.661 0.040036 19.7535
7984000 300.224 0.040036 20.5512
7988000 300.023 0.040036 20.7246
7992000 300.053 0.040036 20.6482
7996000 299.295 0.040036 19.3383
8000000 298.132 0.040036 19.7649
