# Time-averaged data for fix mydat
# TimeStep v_mtmp v_mden v_mpre
4000 431.665 0.0501231 59.706
8000 301.29 0.0501231 26.346
12000 300.221 0.0501231 25.3175
16000 299.078 0.0501231 23.4503
20000 299.825 0.0501231 23.8282
24000 299.132 0.0501231 23.1988
28000 299.822 0.0501231 23.4991
32000 298.628 0.0501231 21.7789
36000 300.408 0.0501231 22.4739
40000 299.128 0.0501231 21.9353
44000 299.543 0.0501231 20.0916
48000 299.892 0.0501231 23.3047
52000 299.759 0.0501231 21.0289
56000 299.911 0.0501231 21.6822
60000 300.998 0.0501231 22.5165
64000 300.007 0.0501231 21.3461
68000 299.975 0.0501231 22.8632
72000 300.099 0.0501231 22.0521
76000 299.7 0.0501231 22.5672
80000 299.198 0.0501231 21.6099
84000 301.886 0.0501231 22.7166
88000 299.54 0.0501231 22.8322
92000 301.839 0.0501231 22.3976
96000 301.749 0.0501231 22.454
100000 300.93 0.0501231 21.731
104000 300.825 0.0501231 23.5039
108000 301.519 0.0501231 22.7352
112000 301.053 0.0501231 23.5922
116000 300.517 0.0501231 25.1336
120000 301.408 0.0501231 23.0102
124000 299.95 0.0501231 24.3535
128000 300.743 0.0501231 22.5532
132000 302.421 0.0501231 24.5846
136000 301.031 0.0501231 23.1148
140000 300.753 0.0501231 24.1666
144000 299.39 0.0501231 23.7966
148000 301.223 0.0501231 23.7952
152000 299.515 0.0501231 23.791
156000 301.378 0.0501231 24.7223
160000 301.822 0.0501231 23.7048
164000 300.276 0.0501231 23.8981
168000 300.526 0.0501231 24.0365
172000 299.366 0.0501231 23.3968
176000 299.318 0.0501231 23.449
180000 299.809 0.0501231 23.8191
184000 301.277 0.0501231 24.2805
188000 299.824 0.0501231 23.5084
192000 301.827 0.0501231 24.896
196000 301.4 0.0501231 23.289
200000 300.831 0.0501231 23.629
204000 299.489 0.0501231 24.2007
208000 299.995 0.0501231 25.4513
212000 300.31 0.0501231 24.9507
216000 301.206 0.0501231 24.5681
220000 301.141 0.0501231 24.3888
224000 300.825 0.0501231 24.0536
228000 299.67 0.0501231 24.7403
232000 299.989 0.0501231 23.8297
236000 301.233 0.0501231 24.9171
240000 300.117 0.0501231 25.1971
244000 301.245 0.0501231 24.9117
248000 302.017 0.0501231 25.1828
252000 298.885 0.0501231 23.1409
256000 300.201 0.0501231 26.0894
260000 297.855 0.0501231 24.1816
264000 299.315 0.0501231 24.6839
268000 300.736 0.0501231 25.5466
272000 300.893 0.0501231 24.0989
276000 298.701 0.0501231 24.7396
280000 300.74 0.0501231 24.7592
284000 300.389 0.0501231 24.7144
288000 300.834 0.0501231 24.4798
292000 301.118 0.0501231 24.236
296000 301.25 0.0501231 25.1589
300000 299.419 0.0501231 24.6654
304000 300.395 0.0501231 24.8511
308000 299.348 0.0501231 24.5957
312000 299.389 0.0501231 24.2263
316000 300.938 0.0501231 25.6233
320000 299.521 0.0501231 25.5974
324000 300.874 0.0501231 23.8066
328000 299.211 0.0501231 24.3952
332000 301.304 0.0501231 25.3072
336000 302.449 0.0501231 25.7538
340000 299.689 0.0501231 25.3122
344000 299.898 0.0501231 24.8887
348000 299.872 0.0501231 24.8299
352000 301.099 0.0501231 24.3089
356000 300.203 0.0501231 25.6787
360000 300.413 0.0501231 25.3288
364000 303.185 0.0501231 24.4926
368000 300.863 0.0501231 24.7482
372000 299.569 0.0501231 24.6827
376000 301.401 0.0501231 26.0218
380000 300.653 0.0501231 24.9487
384000 301.174 0.0501231 26.0157
388000 300.582 0.0501231 25.3511
392000 301.152 0.0501231 24.8921
396000 300.544 0.0501231 24.6217
400000 299.724 0.0501231 25.4467
404000 301.325 0.0501231 24.437
408000 300.935 0.0501231 24.2828
412000 299.516 0.0501231 24.7469
416000 300.748 0.0501231 25.9368
420000 300.853 0.0501231 24.8952
424000 299.522 0.0501231 25.1931
428000 298.04 0.0501231 24.405
432000 300.107 0.0501231 24.6599
436000 301.516 0.0501231 24.3291
440000 301.097 0.0501231 24.688
444000 301.156 0.0501231 24.0376
448000 299.125 0.0501231 24.9931
452000 301.837 0.0501231 24.5714
456000 300.618 0.0501231 24.3584
460000 299.266 0.0501231 24.7659
464000 300.921 0.0501231 24.1724
468000 300.15 0.0501231 23.8433
472000 298.878 0.0501231 24.6622
476000 299.849 0.0501231 24.5046
480000 298.781 0.0501231 24.4067
484000 298.796 0.0501231 24.699
488000 298.831 0.0501231 24.7597
492000 298.605 0.0501231 23.8507
496000 301.606 0.0501231 24.7047
500000 301.408 0.0501231 25.0262
504000 300.789 0.0501231 25.0773
508000 301.519 0.0501231 24.5459
512000 300.492 0.0501231 25.0853
516000 300.012 0.0501231 25.0505
520000 299.929 0.0501231 23.984
524000 300.885 0.0501231 24.6154
528000 300.49 0.0501231 25.666
532000 300.954 0.0501231 24.6884
536000 300.115 0.0501231 25.6596
540000 299.93 0.0501231 24.9711
544000 301.384 0.0501231 24.7351
548000 300.139 0.0501231 24.4417
552000 299.437 0.0501231 25.3969
556000 300.067 0.0501231 24.1272
560000 300.524 0.0501231 24.1566
564000 302.029 0.0501231 25.1242
568000 299.954 0.0501231 25.1408
572000 300.968 0.0501231 24.7733
576000 300.404 0.0501231 26.1554
580000 299.476 0.0501231 25.05
584000 300.656 0.0501231 24.6678
588000 302.383 0.0501231 24.8455
592000 299.082 0.0501231 25.0461
596000 300.239 0.0501231 25.1225
600000 299.716 0.0501231 25.493
604000 301.494 0.0501231 25.4067
608000 300.547 0.0501231 24.9763
612000 301.118 0.0501231 25.7363
616000 301.098 0.0501231 24.4038
620000 301.596 0.0501231 25.5927
624000 300.412 0.0501231 24.7975
628000 300.695 0.0501231 25.3748
632000 300.033 0.0501231 24.0168
636000 300.52 0.0501231 24.5712
640000 298.024 0.0501231 24.0806
644000 300.65 0.0501231 25.4309
648000 299.188 0.0501231 24.5019
652000 299.686 0.0501231 25.6757
656000 300.111 0.0501231 24.9584
660000 301.35 0.0501231 26.3059
664000 301.432 0.0501231 25.0961
668000 301.519 0.0501231 25.1892
672000 300.175 0.0501231 25.2844
676000 300.79 0.0501231 23.9091
680000 301.468 0.0501231 24.6781
684000 299.561 0.0501231 25.2406
688000 299.885 0.0501231 25.1771
692000 300.271 0.0501231 24.7933
696000 301.402 0.0501231 25.465
700000 301.729 0.0501231 26.1671
704000 300.465 0.0501231 24.5655
708000 300.429 0.0501231 24.8999
712000 300.825 0.0501231 24.8057
716000 301.001 0.0501231 24.8701
720000 301.842 0.0501231 24.6505
724000 301.773 0.0501231 24.2348
728000 300.328 0.0501231 25.2331
732000 300.052 0.0501231 25.2188
736000 300.111 0.0501231 24.3278
740000 300.259 0.0501231 23.9975
744000 299.67 0.0501231 25.7478
748000 299.569 0.0501231 25.2604
752000 300.316 0.0501231 25.1973
756000 299.583 0.0501231 25.2486
760000 301.126 0.0501231 24.426
764000 299.951 0.0501231 24.6673
768000 300.313 0.0501231 24.9376
772000 301.947 0.0501231 25.5732
776000 301.266 0.0501231 25.1225
780000 299.562 0.0501231 25.1145
784000 300.764 0.0501231 24.7755
788000 302.567 0.0501231 24.6819
792000 301.248 0.0501231 24.2726
796000 300.654 0.0501231 24.8705
800000 299.597 0.0501231 24.7641
804000 299.981 0.0501231 25.9177
808000 300.149 0.0501231 24.9908
812000 300.227 0.0501231 25.5086
816000 300.486 0.0501231 24.4191
820000 300.934 0.0501231 25.131
824000 300.479 0.0501231 24.9467
828000 300.476 0.0501231 24.9496
832000 299.975 0.0501231 24.5352
836000 300.838 0.0501231 25.0378
840000 300.675 0.0501231 24.7185
844000 301.599 0.0501231 25.3946
848000 300.016 0.0501231 25.695
852000 298.72 0.0501231 25.8841
856000 299.951 0.0501231 23.7143
860000 300.933 0.0501231 24.2413
864000 300.11 0.0501231 25.5586
868000 300.081 0.0501231 24.6372
872000 302.174 0.0501231 25.4261
876000 299.919 0.0501231 24.5174
880000 300.213 0.0501231 25.3313
884000 299.325 0.0501231 24.9414
888000 299.261 0.0501231 25.1475
892000 299.653 0.0501231 25.2626
896000 300.881 0.0501231 24.5129
900000 300.312 0.0501231 24.6996
904000 300.743 0.0501231 25.311
908000 301.247 0.0501231 25.5202
912000 299.457 0.0501231 25.0676
916000 301.698 0.0501231 24.9066
920000 300.938 0.0501231 25.1546
924000 300.725 0.0501231 24.0488
928000 301.767 0.0501231 24.8055
932000 299.166 0.0501231 24.9135
936000 299.267 0.0501231 24.2582
940000 301.266 0.0501231 24.786
944000 300.032 0.0501231 24.7732
948000 301.543 0.0501231 23.9698
952000 300.564 0.0501231 23.8508
956000 300.515 0.0501231 24.7411
960000 299.313 0.0501231 24.1968
964000 300.442 0.0501231 25.8911
968000 299.963 0.0501231 24.5013
972000 298.584 0.0501231 24.992
976000 300.597 0.0501231 25.0337
980000 300.232 0.0501231 24.8727
984000 298.83 0.0501231 24.4434
988000 300.384 0.0501231 25.4954
992000 298.602 0.0501231 25.9578
996000 301.2 0.0501231 24.0854
1000000 299.754 0.0501231 24.1176
1004000 299.229 0.0501231 24.8562
1008000 300.67 0.0501231 25.7953
1012000 297.491 0.0501231 24.7935
1016000 300.617 0.0501231 25.3464
1020000 299.63 0.0501231 24.8855
1024000 299.456 0.0501231 25.5776
1028000 300.905 0.0501231 25.7703
1032000 301.236 0.0501231 25.4963
1036000 299.874 0.0501231 24.9018
1040000 299.262 0.0501231 25.4583
1044000 299.843 0.0501231 25.1079
1048000 300.227 0.0501231 24.3853
1052000 300.823 0.0501231 24.4784
1056000 301.062 0.0501231 25.5437
1060000 300.188 0.0501231 24.5318
1064000 302.505 0.0501231 25.4859
1068000 299.567 0.0501231 25.3671
1072000 300.397 0.0501231 25.616
1076000 301.651 0.0501231 24.9163
1080000 300.538 0.0501231 25.0642
1084000 299.6 0.0501231 24.591
1088000 300.096 0.0501231 23.8298
1092000 299.852 0.0501231 25.0799
1096000 302.138 0.0501231 25.3389
1100000 298.755 0.0501231 24.8455
1104000 300.383 0.0501231 24.6867
1108000 299.742 0.0501231 24.2004
1112000 299.656 0.0501231 24.5653
1116000 299.789 0.0501231 24.6749
1120000 299.764 0.0501231 25.5974
1124000 300.348 0.0501231 24.9019
1128000 300.827 0.0501231 25.2695
1132000 301.906 0.0501231 24.8878
1136000 299.482 0.0501231 24.8533
1140000 302.014 0.0501231 24.8187
1144000 301.901 0.0501231 25.2845
1148000 300.878 0.0501231 24.9641
1152000 299.109 0.0501231 24.4832
1156000 300.371 0.0501231 24.0584
1160000 301.505 0.0501231 25.3509
1164000 300.229 0.0501231 25.3562
1168000 300.229 0.0501231 24.2446
1172000 299.408 0.0501231 25.6772
1176000 299.989 0.0501231 24.9161
1180000 301.054 0.0501231 25.4391
1184000 302.377 0.0501231 24.2481
1188000 300.132 0.0501231 23.9867
1192000 299.233 0.0501231 24.8287
1196000 299.821 0.0501231 25.0122
1200000 300.198 0.0501231 24.7374
1204000 300.424 0.0501231 24.3986
1208000 298.41 0.0501231 25.6712
1212000 301.436 0.0501231 23.9923
1216000 299.927 0.0501231 24.591
1220000 300.468 0.0501231 24.5854
1224000 300.698 0.0501231 24.8344
1228000 301.005 0.0501231 25.6992
1232000 302.329 0.0501231 24.6551
1236000 299.84 0.0501231 25.8482
1240000 301.149 0.0501231 24.9029
1244000 299.893 0.0501231 23.1052
1248000 301.035 0.0501231 25.0724
1252000 300.553 0.0501231 24.5849
1256000 300.114 0.0501231 25.4574
1260000 298.189 0.0501231 24.979
1264000 302.042 0.0501231 25.4339
1268000 301.105 0.0501231 24.0702
1272000 302.249 0.0501231 24.9492
1276000 299.18 0.0501231 25.2393
1280000 300.212 0.0501231 25.0512
1284000 301.768 0.0501231 25.9174
1288000 299.04 0.0501231 25.0833
1292000 298.193 0.0501231 24.4267
1296000 297.407 0.0501231 24.5048
1300000 300.387 0.0501231 24.9214
1304000 300.799 0.0501231 24.3668
1308000 300.67 0.0501231 24.1287
1312000 299.734 0.0501231 23.6323
1316000 298.137 0.0501231 24.8202
1320000 300.952 0.0501231 23.8833
1324000 299.301 0.0501231 24.3654
1328000 300.644 0.0501231 22.7196
1332000 301.192 0.0501231 24.3824
1336000 300.684 0.0501231 25.1121
1340000 301.846 0.0501231 25.5956
1344000 299.802 0.0501231 25.0812
1348000 300.54 0.0501231 24.9428
1352000 300.845 0.0501231 24.7024
1356000 300.174 0.0501231 24.5336
1360000 301.533 0.0501231 24.6527
1364000 300.964 0.0501231 24.0517
1368000 299.5 0.0501231 24.4872
1372000 301.437 0.0501231 25.4554
1376000 300.718 0.0501231 24.5899
1380000 300.297 0.0501231 24.635
1384000 299.042 0.0501231 24.2314
1388000 299.364 0.0501231 23.855
1392000 302.262 0.0501231 24.9517
1396000 298.85 0.0501231 25.1034
1400000 300.762 0.0501231 24.9619
1404000 299.865 0.0501231 23.888
1408000 301.4 0.0501231 25.2428
1412000 301.146 0.0501231 25.2221
1416000 299.049 0.0501231 24.8932
1420000 301.171 0.0501231 26.1116
1424000 299.335 0.0501231 24.6501
1428000 300.427 0.0501231 25.7992
1432000 298.678 0.0501231 25.0249
1436000 298.846 0.0501231 25.2186
1440000 300.608 0.0501231 24.3807
1444000 300.438 0.0501231 25.4197
1448000 299.859 0.0501231 24.9071
1452000 300.337 0.0501231 25.2103
1456000 299.62 0.0501231 25.0764
1460000 299.635 0.0501231 26.0899
1464000 301.276 0.0501231 25.3934
1468000 301.054 0.0501231 25.4341
1472000 301.126 0.0501231 25.0803
1476000 300.705 0.0501231 24.1831
1480000 299.34 0.0501231 25.0236
1484000 301.67 0.0501231 25.6522
1488000 301.092 0.0501231 25.0833
1492000 298.666 0.0501231 25.49
1496000 300.667 0.0501231 25.0615
1500000 302.43 0.0501231 25.2311
1504000 299.495 0.0501231 24.0689
1508000 301.138 0.0501231 24.5062
1512000 299.528 0.0501231 24.1826
1516000 300.995 0.0501231 25.1658
1520000 300.94 0.0501231 25.502
1524000 301.745 0.0501231 24.6511
1528000 300.412 0.0501231 25.3287
1532000 302.095 0.0501231 24.7501
1536000 299.067 0.0501231 26.0481
1540000 300.07 0.0501231 24.2884
1544000 299.468 0.0501231 24.3779
1548000 301.013 0.0501231 23.9483
1552000 300.386 0.0501231 25.1885
1556000 300.572 0.0501231 24.2268
1560000 299.447 0.0501231 25.2527
1564000 301.984 0.0501231 25.8846
1568000 302.906 0.0501231 25.0451
1572000 299.491 0.0501231 24.3293
1576000 302.634 0.0501231 24.8804
1580000 301.522 0.0501231 25.218
1584000 301.189 0.0501231 24.1678
1588000 300.654 0.0501231 24.8607
1592000 300.185 0.0501231 25.0483
1596000 299.425 0.0501231 25.6737
1600000 301.651 0.0501231 25.2005
1604000 302.072 0.0501231 25.5573
1608000 301.74 0.0501231 25.1931
1612000 302.083 0.0501231 25.6171
1616000 299.908 0.0501231 24.7066
1620000 301.095 0.0501231 24.5598
1624000 300.916 0.0501231 24.0378
1628000 299.979 0.0501231 25.3226
1632000 299.443 0.0501231 24.7279
1636000 300.854 0.0501231 25.24
1640000 299.196 0.0501231 25.6531
1644000 299.936 0.0501231 25.4048
1648000 300.541 0.0501231 25.5963
1652000 299.956 0.0501231 25.529
1656000 301.642 0.0501231 25.4901
1660000 300.268 0.0501231 25.8748
1664000 301.336 0.0501231 25.1249
1668000 301.676 0.0501231 24.6077
1672000 300.02 0.0501231 24.8423
1676000 298.747 0.0501231 24.1669
1680000 299.368 0.0501231 25.0811
1684000 298.195 0.0501231 25.6226
1688000 301.712 0.0501231 24.9512
1692000 299.094 0.0501231 24.8727
1696000 302.079 0.0501231 24.9669
1700000 300.766 0.0501231 25.5998
1704000 299.568 0.0501231 24.6252
1708000 300.613 0.0501231 25.1092
1712000 300.077 0.0501231 25.0384
1716000 300.068 0.0501231 24.1572
1720000 300.369 0.0501231 25.6349
1724000 302.393 0.0501231 24.6702
1728000 299.842 0.0501231 25.008
1732000 299.425 0.0501231 24.4858
1736000 301.03 0.0501231 25.358
1740000 301.692 0.0501231 24.8973
1744000 299.272 0.0501231 25.485
1748000 300.541 0.0501231 25.3436
1752000 299.682 0.0501231 24.926
1756000 299.915 0.0501231 26.0317
1760000 301.872 0.0501231 25.5778
1764000 301.109 0.0501231 25.0395
1768000 299.873 0.0501231 25.3761
1772000 300.846 0.0501231 24.861
1776000 297.43 0.0501231 25.0135
1780000 301.265 0.0501231 24.9866
1784000 299.616 0.0501231 24.0435
1788000 301.466 0.0501231 26.0458
1792000 301.266 0.0501231 24.2113
1796000 301.921 0.0501231 25.6261
1800000 301.181 0.0501231 24.9659
1804000 301.155 0.0501231 24.4902
1808000 300.886 0.0501231 25.1262
1812000 299.947 0.0501231 23.2928
1816000 299.65 0.0501231 25.2015
1820000 298.031 0.0501231 24.5209
1824000 297.563 0.0501231 24.2392
1828000 301.548 0.0501231 25.2391
1832000 300.702 0.0501231 25.0862
1836000 298.669 0.0501231 25.4911
1840000 300.244 0.0501231 25.1598
1844000 301.689 0.0501231 24.9323
1848000 301.473 0.0501231 25.3833
1852000 300.385 0.0501231 25.0115
1856000 298.781 0.0501231 23.0642
1860000 301.221 0.0501231 25.2373
1864000 299.881 0.0501231 25.2018
1868000 299.067 0.0501231 24.5066
1872000 298.61 0.0501231 25.0347
1876000 299.718 0.0501231 24.5863
1880000 299.944 0.0501231 26.4931
1884000 299.951 0.0501231 25.2618
1888000 300.606 0.0501231 24.7489
1892000 301.251 0.0501231 25.6454
1896000 300.97 0.0501231 25.0104
1900000 301.664 0.0501231 24.6462
1904000 300.167 0.0501231 24.6126
1908000 300.805 0.0501231 24.9573
1912000 300.965 0.0501231 24.9927
1916000 300.8 0.0501231 24.681
1920000 299.449 0.0501231 23.7568
1924000 300.1 0.0501231 24.2941
1928000 299.525 0.0501231 25.0341
1932000 300.888 0.0501231 24.7356
1936000 298.568 0.0501231 24.4261
1940000 299.504 0.0501231 25.0977
1944000 299.214 0.0501231 24.4338
1948000 300.476 0.0501231 24.6377
1952000 300.649 0.0501231 24.8569
1956000 299.005 0.0501231 24.16
1960000 300.391 0.0501231 24.7886
1964000 299.12 0.0501231 23.8778
1968000 299.433 0.0501231 25.5005
1972000 300.475 0.0501231 24.4122
1976000 300.506 0.0501231 24.4222
1980000 302.331 0.0501231 24.2279
1984000 301.257 0.0501231 24.5675
1988000 299.721 0.0501231 25.0007
1992000 300.787 0.0501231 25.7006
1996000 296.962 0.0501231 24.472
2000000 299.138 0.0501231 25.3778
2004000 300.036 0.0501231 24.4517
2008000 300.823 0.0501231 25.3552
2012000 300.665 0.0501231 24.5307
2016000 299.596 0.0501231 26.7447
2020000 299.768 0.0501231 24.9692
2024000 300.594 0.0501231 25.2544
2028000 302.836 0.0501231 25.6613
2032000 300.364 0.0501231 25.7398
2036000 300.887 0.0501231 25.8091
2040000 300.265 0.0501231 24.9302
2044000 298.725 0.0501231 24.7025
2048000 301.652 0.0501231 25.1584
2052000 300.75 0.0501231 24.7131
2056000 301.191 0.0501231 25.4421
2060000 300.655 0.0501231 25.1575
2064000 298.205 0.0501231 25.1208
2068000 298.454 0.0501231 25.508
2072000 300.104 0.0501231 24.6966
2076000 301.835 0.0501231 25.3996
2080000 300.866 0.0501231 24.8882
2084000 299.516 0.0501231 24.4276
2088000 298.961 0.0501231 24.8318
2092000 300.077 0.0501231 25.2357
2096000 301.731 0.0501231 25.6957
2100000 302.597 0.0501231 25.7748
2104000 300.494 0.0501231 25.3243
2108000 298.277 0.0501231 25.4246
2112000 301.081 0.0501231 26.1269
2116000 298.742 0.0501231 24.9653
2120000 302.633 0.0501231 25.5585
2124000 301.283 0.0501231 25.3522
2128000 299.718 0.0501231 25.3096
2132000 299.353 0.0501231 24.8746
2136000 301.669 0.0501231 25.1252
2140000 301.403 0.0501231 25.3995
2144000 298.516 0.0501231 25.6636
2148000 299.13 0.0501231 25.3587
2152000 299.912 0.0501231 25.7538
2156000 298.525 0.0501231 24.3001
2160000 300.449 0.0501231 24.845
2164000 300.315 0.0501231 25.2715
2168000 299.964 0.0501231 25.0044
2172000 299.439 0.0501231 24.5411
2176000 299.675 0.0501231 25.0606
2180000 299.54 0.0501231 25.5407
2184000 299.995 0.0501231 25.345
2188000 299.218 0.0501231 25.3094
2192000 300.985 0.0501231 25.6518
2196000 301.282 0.0501231 24.2446
2200000 300.468 0.0501231 25.3858
2204000 300.533 0.0501231 24.7908
2208000 302.613 0.0501231 24.999
2212000 300.333 0.0501231 25.017
2216000 300.753 0.0501231 24.1512
2220000 300.768 0.0501231 25.2836
2224000 300.977 0.0501231 24.7206
2228000 301.709 0.0501231 24.6336
2232000 300.021 0.0501231 25.2373
2236000 299.678 0.0501231 24.7473
2240000 300.943 0.0501231 24.431
2244000 300.338 0.0501231 24.9308
2248000 299.983 0.0501231 24.6489
2252000 300.436 0.0501231 24.7312
2256000 301.632 0.0501231 24.8656
2260000 300.672 0.0501231 25.1267
2264000 301.071 0.0501231 25.3348
2268000 298.89 0.0501231 24.4936
2272000 301.649 0.0501231 25.6139
2276000 299.32 0.0501231 25.0598
2280000 301.893 0.0501231 24.7309
2284000 299.989 0.0501231 24.7275
2288000 300.041 0.0501231 25.1692
2292000 299.731 0.0501231 25.386
2296000 298.422 0.0501231 24.9321
2300000 299.398 0.0501231 25.009
2304000 300.198 0.0501231 25.8586
2308000 298.632 0.0501231 24.8729
2312000 300.838 0.0501231 25.2829
2316000 301.676 0.0501231 25.0006
2320000 299.211 0.0501231 24.8299
2324000 301.697 0.0501231 24.8219
2328000 300.162 0.0501231 24.4759
2332000 298.581 0.0501231 24.4739
2336000 299.654 0.0501231 24.2681
2340000 300.404 0.0501231 24.0896
2344000 301.338 0.0501231 24.8256
2348000 298.251 0.0501231 24.2621
2352000 300.607 0.0501231 23.9496
2356000 300.676 0.0501231 25.7887
2360000 301.362 0.0501231 25.5259
2364000 301.941 0.0501231 24.7853
2368000 299.32 0.0501231 25.3426
2372000 299.655 0.0501231 23.8848
2376000 302.135 0.0501231 25.8102
2380000 299.99 0.0501231 24.6372
2384000 300.08 0.0501231 24.3785
2388000 300.2 0.0501231 24.596
2392000 301.466 0.0501231 24.073
2396000 299.882 0.0501231 25.8864
2400000 302.219 0.0501231 24.3824
2404000 299.92 0.0501231 25.0107
2408000 300.558 0.0501231 24.9745
2412000 300.876 0.0501231 25.0633
2416000 300.497 0.0501231 24.3231
2420000 299.255 0.0501231 23.8091
2424000 301.272 0.0501231 24.5462
2428000 300.889 0.0501231 25.0176
2432000 300.986 0.0501231 24.6431
2436000 300.043 0.0501231 24.3816
2440000 301.033 0.0501231 25.4615
2444000 300.369 0.0501231 24.0728
2448000 300.356 0.0501231 25.2059
2452000 300.105 0.0501231 25.3328
2456000 297.289 0.0501231 24.2465
2460000 299.396 0.0501231 25.98
2464000 300.132 0.0501231 24.4021
2468000 302.1 0.0501231 25.4575
2472000 300.687 0.0501231 24.8644
2476000 301.32 0.0501231 24.4182
2480000 300.472 0.0501231 25.6984
2484000 300.96 0.0501231 23.5985
2488000 301.181 0.0501231 23.8504
2492000 300.315 0.0501231 24.3568
2496000 300.098 0.0501231 25.3732
2500000 299.65 0.0501231 24.1784
2504000 300.632 0.0501231 25.1764
2508000 301.583 0.0501231 24.7746
2512000 300.509 0.0501231 25.791
2516000 299.823 0.0501231 24.6765
2520000 300.099 0.0501231 25.4026
2524000 300.469 0.0501231 24.424
2528000 300.364 0.0501231 24.8278
2532000 301.502 0.0501231 24.7195
2536000 299.103 0.0501231 25.0212
2540000 301.241 0.0501231 25.2042
2544000 300.372 0.0501231 25.7021
2548000 300.562 0.0501231 24.7795
2552000 299.848 0.0501231 25.5965
2556000 302.32 0.0501231 25.2666
2560000 300.024 0.0501231 24.4325
2564000 300.069 0.0501231 24.1798
2568000 300.673 0.0501231 25.166
2572000 300.758 0.0501231 24.6717
2576000 298.906 0.0501231 24.6797
2580000 301.049 0.0501231 24.8059
2584000 300.081 0.0501231 25.0908
2588000 301.749 0.0501231 25.3645
2592000 300.146 0.0501231 25.1727
2596000 299.324 0.0501231 24.4298
2600000 301.203 0.0501231 25.2977
2604000 301.57 0.0501231 25.1857
2608000 301.021 0.0501231 24.7273
2612000 301.764 0.0501231 25.4939
2616000 299.244 0.0501231 24.9943
2620000 299.735 0.0501231 24.84
2624000 298.766 0.0501231 24.5637
2628000 299.301 0.0501231 25.0891
2632000 300.03 0.0501231 24.0027
2636000 300.216 0.0501231 24.6745
2640000 300.045 0.0501231 25.0266
2644000 300.749 0.0501231 25.3915
2648000 301.079 0.0501231 25.1901
2652000 299.068 0.0501231 24.2858
2656000 300.833 0.0501231 25.7723
2660000 301.324 0.0501231 25.5136
2664000 301.226 0.0501231 24.8277
2668000 301.273 0.0501231 25.2645
2672000 300.565 0.0501231 24.9313
2676000 300.456 0.0501231 24.848
2680000 302.187 0.0501231 25.4481
2684000 300.929 0.0501231 26.0879
2688000 299.289 0.0501231 23.9275
2692000 300.128 0.0501231 24.8457
2696000 301.188 0.0501231 25.0476
2700000 301.113 0.0501231 24.7834
2704000 300.432 0.0501231 24.7671
2708000 299.914 0.0501231 24.86
2712000 300.377 0.0501231 24.0152
2716000 300.703 0.0501231 24.9225
2720000 300.829 0.0501231 23.8424
2724000 300.068 0.0501231 24.3919
2728000 301.877 0.0501231 25.6542
2732000 301.448 0.0501231 24.8917
2736000 300.732 0.0501231 24.1538
2740000 300.424 0.0501231 25.3845
2744000 299.104 0.0501231 24.5054
2748000 301.123 0.0501231 24.9269
2752000 301.281 0.0501231 24.8632
2756000 298.712 0.0501231 24.1144
2760000 296.244 0.0501231 24.4458
2764000 302.434 0.0501231 24.1339
2768000 300.849 0.0501231 24.141
2772000 299.775 0.0501231 24.4511
2776000 300.75 0.0501231 25.1114
2780000 299.545 0.0501231 25.2366
2784000 302.105 0.0501231 25.4828
2788000 298.406 0.0501231 25.1142
2792000 299.784 0.0501231 25.2092
2796000 301.109 0.0501231 24.9655
2800000 300.342 0.0501231 25.4017
2804000 300.428 0.0501231 25.0376
2808000 300.057 0.0501231 24.0939
2812000 298.984 0.0501231 23.9775
2816000 300.112 0.0501231 26.0087
2820000 300.912 0.0501231 25.7143
2824000 301.164 0.0501231 25.5133
2828000 298.588 0.0501231 25.5292
2832000 297.641 0.0501231 25.0987
2836000 301.473 0.0501231 25.5339
2840000 300.952 0.0501231 26.5027
2844000 300.586 0.0501231 24.3433
2848000 300.544 0.0501231 25.5258
2852000 300.248 0.0501231 25.2472
2856000 301.355 0.0501231 24.5791
2860000 300.373 0.0501231 24.6859
2864000 302.741 0.0501231 24.3998
2868000 299.565 0.0501231 24.99
2872000 299.918 0.0501231 24.5515
2876000 300.314 0.0501231 24.5152
2880000 297.605 0.0501231 25.2004
2884000 298.586 0.0501231 24.8434
2888000 301.512 0.0501231 25.3421
2892000 299.53 0.0501231 24.7629
2896000 301.047 0.0501231 24.7057
2900000 301.951 0.0501231 25.0609
2904000 302.32 0.0501231 24.8792
2908000 300.983 0.0501231 24.4374
2912000 301.462 0.0501231 26.3788
2916000 300.107 0.0501231 24.6967
2920000 302.954 0.0501231 25.0256
2924000 298.587 0.0501231 24.272
2928000 301.783 0.0501231 25.2692
2932000 297.964 0.0501231 23.8331
2936000 302.737 0.0501231 26.3323
2940000 299.181 0.0501231 25.5436
2944000 299.627 0.0501231 24.0588
2948000 299.84 0.0501231 24.9365
2952000 299.204 0.0501231 25.137
2956000 301.493 0.0501231 25.3423
2960000 299.653 0.0501231 25.9777
2964000 299.068 0.0501231 25.0491
2968000 300.344 0.0501231 24.5909
2972000 300.431 0.0501231 24.3176
2976000 299.64 0.0501231 24.9706
2980000 299.605 0.0501231 24.7824
2984000 300.731 0.0501231 25.4522
2988000 298.267 0.0501231 25.6947
2992000 299.556 0.0501231 25.7245
2996000 300.938 0.0501231 24.8056
3000000 301.8 0.0501231 24.8181
3004000 297.86 0.0501231 24.8322
3008000 300.587 0.0501231 24.9291
3012000 300.329 0.0501231 24.5436
3016000 300.627 0.0501231 24.5977
3020000 300.351 0.0501231 25.1321
3024000 301.06 0.0501231 24.5519
3028000 299.133 0.0501231 25.4994
3032000 299.168 0.0501231 24.4424
3036000 301.482 0.0501231 25.1314
3040000 299.559 0.0501231 25.0285
3044000 300.052 0.0501231 23.7094
3048000 298.975 0.0501231 24.6298
3052000 300.084 0.0501231 24.4922
3056000 299.188 0.0501231 24.6351
3060000 300.178 0.0501231 25.8256
3064000 301.018 0.0501231 25.1811
3068000 299.699 0.0501231 24.7942
3072000 301.07 0.0501231 25.854
3076000 300.652 0.0501231 24.7683
3080000 300.742 0.0501231 25.8815
3084000 300.296 0.0501231 24.7415
3088000 300.962 0.0501231 24.9903
3092000 301.472 0.0501231 25.5156
3096000 301.195 0.0501231 25.935
3100000 301.33 0.0501231 25.3661
3104000 299.553 0.0501231 24.6849
3108000 302.839 0.0501231 25.1674
3112000 300.52 0.0501231 25.8346
3116000 299.896 0.0501231 24.8841
3120000 301.42 0.0501231 24.3032
3124000 299.469 0.0501231 25.9641
3128000 301.327 0.0501231 24.8207
3132000 299.997 0.0501231 24.9963
3136000 300.236 0.0501231 24.9769
3140000 299.469 0.0501231 25.2914
3144000 299.815 0.0501231 24.8785
3148000 298.922 0.0501231 25.0959
3152000 300.292 0.0501231 25.5726
3156000 301.417 0.0501231 25.3975
3160000 301.506 0.0501231 24.9753
3164000 301.195 0.0501231 25.6926
3168000 300.655 0.0501231 25.2758
3172000 299.457 0.0501231 25.3636
3176000 302.862 0.0501231 25.1289
3180000 299.927 0.0501231 25.7485
3184000 302.442 0.0501231 25.0431
3188000 300.139 0.0501231 24.5647
3192000 300.036 0.0501231 24.7119
3196000 300.492 0.0501231 24.8729
3200000 300.529 0.0501231 24.8934
3204000 301.27 0.0501231 25.2924
3208000 299.563 0.0501231 24.9048
3212000 301.467 0.0501231 24.9218
3216000 299.596 0.0501231 25.0571
3220000 300.463 0.0501231 24.6972
3224000 300.854 0.0501231 26.1857
3228000 299.119 0.0501231 24.9849
3232000 300.637 0.0501231 24.4345
3236000 301.276 0.0501231 26.0354
3240000 300.449 0.0501231 24.5584
3244000 299.815 0.0501231 25.6892
3248000 299.937 0.0501231 25.5879
3252000 300.128 0.0501231 24.9561
3256000 299.846 0.0501231 25.3945
3260000 299.777 0.0501231 24.9766
3264000 299.532 0.0501231 24.2642
3268000 300.735 0.0501231 25.9617
3272000 300.167 0.0501231 25.0408
3276000 302.275 0.0501231 24.4898
3280000 298.899 0.0501231 25.1183
3284000 301.904 0.0501231 25.0006
3288000 299.562 0.0501231 24.9311
3292000 301.835 0.0501231 25.4491
3296000 300.11 0.0501231 24.8374
3300000 298.258 0.0501231 24.9428
3304000 300.401 0.0501231 24.9335
3308000 301.478 0.0501231 24.7667
3312000 299.022 0.0501231 25.069
3316000 300.954 0.0501231 24.6477
3320000 299.957 0.0501231 25.183
3324000 300.072 0.0501231 24.0019
3328000 299.319 0.0501231 24.9225
3332000 300.836 0.0501231 25.1887
3336000 299.118 0.0501231 25.7904
3340000 299.432 0.0501231 25.1962
3344000 299.598 0.0501231 25.2348
3348000 301.114 0.0501231 25.4767
3352000 300.635 0.0501231 24.5789
3356000 299.41 0.0501231 25.1596
3360000 300.107 0.0501231 25.6011
3364000 299.877 0.0501231 25.5515
3368000 301.583 0.0501231 24.9256
3372000 300.269 0.0501231 24.707
3376000 300.618 0.0501231 24.5841
3380000 300.289 0.0501231 24.3795
3384000 301.819 0.0501231 24.9361
3388000 300.371 0.0501231 26.0794
3392000 301.987 0.0501231 25.1619
3396000 301.275 0.0501231 24.3479
3400000 300.237 0.0501231 24.7241
3404000 300.192 0.0501231 25.4527
3408000 299.908 0.0501231 24.4862
3412000 301.726 0.0501231 25.2811
3416000 300.438 0.0501231 25.6661
3420000 298.934 0.0501231 24.9536
3424000 300.913 0.0501231 25.0414
3428000 300.618 0.0501231 23.8643
3432000 300.402 0.0501231 24.6562
3436000 300.863 0.0501231 24.7736
3440000 299.619 0.0501231 24.4837
3444000 302.335 0.0501231 24.8926
3448000 300.335 0.0501231 25.7638
3452000 298.597 0.0501231 24.0539
3456000 297.168 0.0501231 24.3012
3460000 299.887 0.0501231 25.5733
3464000 299.84 0.0501231 25.0199
3468000 301.217 0.0501231 24.5707
3472000 301.422 0.0501231 24.2349
3476000 299.375 0.0501231 24.7274
3480000 299.152 0.0501231 24.0698
3484000 301.687 0.0501231 24.6888
3488000 300.817 0.0501231 24.9714
3492000 299.432 0.0501231 23.919
3496000 301.328 0.0501231 25.5271
3500000 298.947 0.0501231 24.833
3504000 300.382 0.0501231 23.9021
3508000 301.097 0.0501231 23.9801
3512000 298.85 0.0501231 24.7532
3516000 302.151 0.0501231 25.1521
3520000 301.368 0.0501231 24.6925
3524000 302.195 0.0501231 24.7952
3528000 300.087 0.0501231 25.0339
3532000 301.603 0.0501231 24.9644
3536000 301.05 0.0501231 24.0954
3540000 298.149 0.0501231 24.1694
3544000 302.166 0.0501231 24.0923
3548000 299.984 0.0501231 25.9724
3552000 300.797 0.0501231 24.8143
3556000 299.878 0.0501231 24.4161
3560000 299.838 0.0501231 24.9777
3564000 300.237 0.0501231 24.4738
3568000 300.213 0.0501231 24.6811
3572000 299.922 0.0501231 24.136
3576000 300.02 0.0501231 23.7922
3580000 299.208 0.0501231 24.6846
3584000 300.072 0.0501231 24.4096
3588000 299.359 0.0501231 24.2434
3592000 299.903 0.0501231 24.734
3596000 300.315 0.0501231 25.1988
3600000 300.405 0.0501231 24.7909
3604000 299.107 0.0501231 24.5124
3608000 301.698 0.0501231 24.6121
3612000 299.238 0.0501231 24.9077
3616000 300.378 0.0501231 25.3995
3620000 300.23 0.0501231 25.5215
3624000 298.947 0.0501231 25.3429
3628000 298.744 0.0501231 24.1984
3632000 301.051 0.0501231 25.8926
3636000 300.461 0.0501231 24.7218
3640000 300.979 0.0501231 25.3786
3644000 300.595 0.0501231 24.5288
3648000 299.849 0.0501231 24.1775
3652000 299.93 0.0501231 24.3365
3656000 300.71 0.0501231 24.7247
3660000 299.738 0.0501231 25.0329
3664000 300.032 0.0501231 24.7876
3668000 299.401 0.0501231 23.8231
3672000 300.609 0.0501231 24.9548
3676000 298.873 0.0501231 24.9722
3680000 300.045 0.0501231 23.9966
3684000 300.649 0.0501231 24.2694
3688000 302.705 0.0501231 24.9291
3692000 299.926 0.0501231 25.3163
3696000 301.466 0.0501231 25.2261
3700000 299.999 0.0501231 25.2008
3704000 300.982 0.0501231 24.102
3708000 298.491 0.0501231 25.1997
3712000 300.074 0.0501231 24.6912
3716000 300.758 0.0501231 25.8553
3720000 299.445 0.0501231 24.708
3724000 300.156 0.0501231 25.1499
3728000 301.349 0.0501231 25.6971
3732000 299.98 0.0501231 25.6389
3736000 301.384 0.0501231 24.0623
3740000 301.137 0.0501231 26.7342
3744000 301.332 0.0501231 25.0123
3748000 298.123 0.0501231 24.2052
3752000 301.212 0.0501231 25.5716
3756000 302.077 0.0501231 24.8946
3760000 298.242 0.0501231 25.056
3764000 298.84 0.0501231 26.0085
3768000 300.013 0.0501231 24.8194
3772000 300.812 0.0501231 25.4346
3776000 300.258 0.0501231 24.9944
3780000 300.175 0.0501231 24.5955
3784000 300.644 0.0501231 25.4456
3788000 299.854 0.0501231 24.3675
3792000 300.83 0.0501231 24.7566
3796000 300.663 0.0501231 24.2248
3800000 302.353 0.0501231 25.3507
3804000 300.366 0.0501231 24.6111
3808000 300.233 0.0501231 24.9576
3812000 301.209 0.0501231 25.4957
3816000 301.584 0.0501231 25.141
3820000 301.483 0.0501231 25.75
3824000 300.362 0.0501231 24.5178
3828000 300.482 0.0501231 25.6566
3832000 299.689 0.0501231 25.4866
3836000 300.483 0.0501231 24.3623
3840000 302.41 0.0501231 24.8828
3844000 300.445 0.0501231 24.3818
3848000 301.388 0.0501231 25.0294
3852000 301.687 0.0501231 25.8992
3856000 299.005 0.0501231 25.1422
3860000 300.31 0.0501231 24.7797
3864000 299.952 0.0501231 24.9243
3868000 300.995 0.0501231 24.8263
3872000 298.738 0.0501231 24.4125
3876000 301.125 0.0501231 25.0902
3880000 300.59 0.0501231 24.9745
3884000 301.283 0.0501231 24.8726
3888000 299.953 0.0501231 24.707
3892000 301.441 0.0501231 24.9323
3896000 302.126 0.0501231 24.2165
3900000 300.92 0.0501231 25.9112
3904000 298.255 0.0501231 24.7028
3908000 300.068 0.0501231 24.1034
3912000 300.585 0.0501231 24.8344
3916000 300.335 0.0501231 24.8299
3920000 301.881 0.0501231 25.0597
3924000 299.113 0.0501231 24.7527
3928000 301.932 0.0501231 25.2776
3932000 299.877 0.0501231 25.0462
3936000 298.964 0.0501231 24.4537
3940000 301.129 0.0501231 25.0561
3944000 301.049 0.0501231 24.0062
3948000 301.461 0.0501231 25.8435
3952000 300.461 0.0501231 24.7669
3956000 300.672 0.0501231 25.0223
3960000 299.375 0.0501231 24.7642
3964000 303.398 0.0501231 25.3772
3968000 300.582 0.0501231 25.3249
3972000 299.553 0.0501231 24.9512
3976000 299.738 0.0501231 24.2983
3980000 302.524 0.0501231 25.2275
3984000 300.794 0.0501231 24.9267
3988000 300.233 0.0501231 23.7023
3992000 300.695 0.0501231 24.9526
3996000 300.192 0.0501231 25.2584
4000000 300.836 0.0501231 24.8636
4004000 300.657 0.0501231 24.3961
4008000 296.301 0.0501231 24.2313
4012000 299.835 0.0501231 24.0026
4016000 300.473 0.0501231 24.558
4020000 301.225 0.0501231 24.8592
4024000 300.769 0.0501231 24.348
4028000 301.711 0.0501231 25.7532
4032000 299.931 0.0501231 23.9793
4036000 301.251 0.0501231 25.0884
4040000 301.7 0.0501231 25.0986
4044000 299.354 0.0501231 24.9164
4048000 300.161 0.0501231 25.4943
4052000 301.555 0.0501231 24.9746
4056000 300.337 0.0501231 25.1432
4060000 299.515 0.0501231 25.3509
4064000 300.801 0.0501231 24.3691
4068000 300.568 0.0501231 25.0328
4072000 301.871 0.0501231 24.9637
4076000 301.216 0.0501231 24.2566
4080000 301.301 0.0501231 25.8246
4084000 301.366 0.0501231 24.9942
4088000 300.287 0.0501231 25.3243
4092000 300.924 0.0501231 25.2525
4096000 298.252 0.0501231 23.8298
4100000 299.41 0.0501231 26.4639
4104000 299.34 0.0501231 25.6808
4108000 296.879 0.0501231 24.1745
4112000 300.766 0.0501231 24.9112
4116000 299.27 0.0501231 24.9556
4120000 300.062 0.0501231 24.9839
4124000 300.16 0.0501231 25.3549
4128000 300.202 0.0501231 24.8046
4132000 301.154 0.0501231 25.2024
4136000 300.574 0.0501231 25.5314
4140000 302.429 0.0501231 25.5534
4144000 301.301 0.0501231 23.876
4148000 301.135 0.0501231 25.2024
4152000 301.249 0.0501231 24.4872
4156000 300.714 0.0501231 25.2857
4160000 298.548 0.0501231 24.558
4164000 300.449 0.0501231 24.5736
4168000 302.044 0.0501231 24.6959
4172000 300.037 0.0501231 25.2833
4176000 301.009 0.0501231 25.1836
4180000 302.976 0.0501231 25.1297
4184000 300.947 0.0501231 24.2816
4188000 299.239 0.0501231 24.1097
4192000 299.606 0.0501231 24.4652
4196000 300.41 0.0501231 25.3265
4200000 299.092 0.0501231 24.415
4204000 299.077 0.0501231 23.1906
4208000 300.477 0.0501231 25.0502
4212000 300.856 0.0501231 24.1465
4216000 300.369 0.0501231 24.0598
4220000 300.088 0.0501231 24.5109
4224000 301.703 0.0501231 24.8493
4228000 299.759 0.0501231 24.0352
4232000 300.592 0.0501231 24.3159
4236000 301.015 0.0501231 25.0871
4240000 299.701 0.0501231 25.4346
4244000 300.81 0.0501231 24.7403
4248000 300.071 0.0501231 25.1944
4252000 300.81 0.0501231 24.3794
4256000 301.401 0.0501231 24.0376
4260000 299.28 0.0501231 24.2209
4264000 300.956 0.0501231 23.736
4268000 299.887 0.0501231 23.8234
4272000 301.841 0.0501231 24.7891
4276000 300.829 0.0501231 23.1319
4280000 300.16 0.0501231 24.7354
4284000 300.085 0.0501231 24.7307
4288000 301.067 0.0501231 23.9638
4292000 298.906 0.0501231 24.5477
4296000 299.209 0.0501231 24.5494
4300000 300.361 0.0501231 24.605
4304000 299.733 0.0501231 24.5882
4308000 300.108 0.0501231 24.7102
4312000 299.119 0.0501231 24.5747
4316000 300.745 0.0501231 24.3585
4320000 299.732 0.0501231 24.7175
4324000 299.243 0.0501231 25.4971
4328000 299.924 0.0501231 24.6446
4332000 299.13 0.0501231 25.7944
4336000 302.788 0.0501231 24.1969
4340000 300.676 0.0501231 24.8817
4344000 300.342 0.0501231 24.6624
4348000 301.09 0.0501231 24.8265
4352000 300.674 0.0501231 24.0607
4356000 300.806 0.0501231 24.2341
4360000 300.382 0.0501231 24.4767
4364000 300.632 0.0501231 24.0978
4368000 300.004 0.0501231 23.8451
4372000 300.213 0.0501231 24.8829
4376000 301.183 0.0501231 25.1833
4380000 299.168 0.0501231 25.3357
4384000 301.765 0.0501231 24.7381
4388000 299.865 0.0501231 24.7228
4392000 298.565 0.0501231 24.7953
4396000 300.643 0.0501231 25.7125
4400000 300.379 0.0501231 25.3848
4404000 301.888 0.0501231 25.508
4408000 300.024 0.0501231 24.1455
4412000 299.199 0.0501231 24.262
4416000 299.657 0.0501231 24.4207
4420000 298.381 0.0501231 24.9771
4424000 299.762 0.0501231 25.238
4428000 299.322 0.0501231 24.4984
4432000 298.954 0.0501231 25.3234
4436000 299.868 0.0501231 24.7509
4440000 301.132 0.0501231 25.8233
4444000 301.746 0.0501231 25.1185
4448000 300.167 0.0501231 24.6808
4452000 300.702 0.0501231 25.3209
4456000 301.169 0.0501231 24.6352
4460000 297.628 0.0501231 25.27
4464000 300.924 0.0501231 23.9137
4468000 300.935 0.0501231 25.6202
4472000 300.037 0.0501231 25.1388
4476000 301.17 0.0501231 24.5474
4480000 300.719 0.0501231 24.3879
4484000 302.256 0.0501231 24.9271
4488000 301.127 0.0501231 24.9105
4492000 299.379 0.0501231 24.53
4496000 300.469 0.0501231 24.6819
4500000 300.266 0.0501231 25.0476
4504000 303.596 0.0501231 24.4178
4508000 301.362 0.0501231 25.6978
4512000 301.141 0.0501231 25.6887
4516000 300.087 0.0501231 25.0964
4520000 300.742 0.0501231 24.7446
4524000 301.681 0.0501231 26.0404
4528000 301.185 0.0501231 24.4643
4532000 298.81 0.0501231 25.1285
4536000 300.839 0.0501231 25.9189
4540000 300.933 0.0501231 24.0533
4544000 301.129 0.0501231 25.1133
4548000 301.066 0.0501231 24.7627
4552000 301.599 0.0501231 24.664
4556000 301.183 0.0501231 25.1548
4560000 299.368 0.0501231 24.6977
4564000 302.343 0.0501231 25.2773
4568000 299.738 0.0501231 24.1353
4572000 300.976 0.0501231 24.7424
4576000 297.988 0.0501231 24.4016
4580000 300.358 0.0501231 25.2613
4584000 301.846 0.0501231 24.9705
4588000 302.298 0.0501231 25.4092
4592000 300.88 0.0501231 24.8234
4596000 300.948 0.0501231 25.0023
4600000 301.215 0.0501231 25.1543
4604000 300.163 0.0501231 24.6924
4608000 302.59 0.0501231 24.5211
4612000 301.384 0.0501231 24.7575
4616000 301.665 0.0501231 24.9115
4620000 299.468 0.0501231 24.2264
4624000 301.695 0.0501231 25.0331
4628000 299.479 0.0501231 24.2666
4632000 300.942 0.0501231 24.5493
4636000 299.402 0.0501231 24.5192
4640000 299.657 0.0501231 25.7587
4644000 299.901 0.0501231 25.8156
4648000 299.457 0.0501231 25.0718
4652000 298.468 0.0501231 24.9081
4656000 299.78 0.0501231 24.814
4660000 300.665 0.0501231 24.8548
4664000 299.648 0.0501231 24.0763
4668000 301.075 0.0501231 25.8871
4672000 300.857 0.0501231 25.0959
4676000 299.707 0.0501231 25.1673
4680000 298.64 0.0501231 24.0258
4684000 299.141 0.0501231 25.7086
4688000 300.236 0.0501231 24.9304
4692000 301.003 0.0501231 23.892
4696000 302.489 0.0501231 25.6301
4700000 300.387 0.0501231 25.0589
4704000 300.861 0.0501231 25.4398
4708000 302.342 0.0501231 24.9371
4712000 301.497 0.0501231 25.6767
4716000 298.029 0.0501231 24.5732
4720000 298.51 0.0501231 24.6324
4724000 300.162 0.0501231 24.9774
4728000 301.077 0.0501231 24.072
4732000 300.02 0.0501231 23.249
4736000 300.572 0.0501231 25.1196
4740000 298.303 0.0501231 24.4623
4744000 301.615 0.0501231 24.7761
4748000 301.611 0.0501231 24.2458
4752000 299.799 0.0501231 24.9748
4756000 301.064 0.0501231 25.3957
4760000 301.768 0.0501231 23.4847
4764000 299.327 0.0501231 24.8735
4768000 302.09 0.0501231 24.0007
4772000 300.438 0.0501231 24.8403
4776000 298.899 0.0501231 24.825
4780000 299.383 0.0501231 24.3558
4784000 301.056 0.0501231 24.7772
4788000 300.592 0.0501231 25.0306
4792000 300.19 0.0501231 25.3699
4796000 301.386 0.0501231 25.3987
4800000 301.556 0.0501231 24.6339
4804000 299.041 0.0501231 24.2426
4808000 298.59 0.0501231 24.3689
4812000 301.986 0.0501231 25.0519
4816000 301.298 0.0501231 24.803
4820000 301.021 0.0501231 26.0448
4824000 302.545 0.0501231 24.6512
4828000 299.946 0.0501231 25.0124
4832000 301.108 0.0501231 24.2353
4836000 302.379 0.0501231 25.728
4840000 301.585 0.0501231 24.9111
4844000 299.158 0.0501231 25.6145
4848000 303.455 0.0501231 25.1768
4852000 300.451 0.0501231 24.4641
4856000 298.58 0.0501231 24.784
4860000 299.919 0.0501231 25.7542
4864000 300.258 0.0501231 25.2439
4868000 301.319 0.0501231 24.8203
4872000 302.397 0.0501231 25.6627
4876000 301.487 0.0501231 24.3232
4880000 301.239 0.0501231 24.5658
4884000 300.69 0.0501231 24.5129
4888000 300.038 0.0501231 24.2374
4892000 299.191 0.0501231 25.111
4896000 299.997 0.0501231 24.6233
4900000 301.183 0.0501231 25.1776
4904000 301.095 0.0501231 25.9951
4908000 299.473 0.0501231 25.2264
4912000 301.56 0.0501231 25.506
4916000 300.063 0.0501231 25.0106
4920000 300.351 0.0501231 24.3468
4924000 300.901 0.0501231 25.1163
4928000 300.416 0.0501231 25.2576
4932000 300.517 0.0501231 24.4222
4936000 300.69 0.0501231 24.8977
4940000 301.343 0.0501231 25.0414
4944000 299.233 0.0501231 24.6573
4948000 299.475 0.0501231 24.7253
4952000 299.856 0.0501231 24.7301
4956000 300.727 0.0501231 25.1463
4960000 301.244 0.0501231 24.8223
4964000 300.424 0.0501231 25.2059
4968000 301.681 0.0501231 24.7282
4972000 300.735 0.0501231 24.9991
4976000 301.728 0.0501231 25.3554
4980000 301.669 0.0501231 25.2914
4984000 298.051 0.0501231 24.9203
4988000 300.688 0.0501231 25.1832
4992000 300.46 0.0501231 24.5485
4996000 301.033 0.0501231 24.9388
5000000 301.968 0.0501231 25.299
5004000 298.984 0.0501231 24.6221
5008000 299.868 0.0501231 24.4456
5012000 298.662 0.0501231 24.7482
5016000 299.329 0.0501231 24.4847
5020000 300.684 0.0501231 24.9119
5024000 300.789 0.0501231 25.0011
5028000 300.099 0.0501231 24.6911
5032000 299.134 0.0501231 25.4797
5036000 301.027 0.0501231 24.6261
5040000 302.259 0.0501231 26.0469
5044000 302.301 0.0501231 24.9439
5048000 300.514 0.0501231 25.0454
5052000 300.365 0.0501231 25.058
5056000 300.845 0.0501231 25.486
5060000 300.724 0.0501231 23.4833
5064000 296.672 0.0501231 24.5563
5068000 301.687 0.0501231 25.404
5072000 301.221 0.0501231 25.9647
5076000 298.097 0.0501231 23.7173
5080000 301.424 0.0501231 26.1199
5084000 303.798 0.0501231 25.408
5088000 300.274 0.0501231 26.0197
5092000 299.433 0.0501231 24.0346
5096000 300.105 0.0501231 24.8708
5100000 299.499 0.0501231 24.4648
5104000 300.385 0.0501231 24.349
5108000 300.775 0.0501231 24.6323
5112000 299.245 0.0501231 25.0843
5116000 300.572 0.0501231 24.488
5120000 300.076 0.0501231 23.9328
5124000 297.612 0.0501231 24.7014
5128000 301.772 0.0501231 24.6679
5132000 301.243 0.0501231 25.9144
5136000 300.174 0.0501231 25.3483
5140000 300.568 0.0501231 25.3623
5144000 301.18 0.0501231 24.8407
5148000 299.445 0.0501231 24.6948
5152000 300.498 0.0501231 24.949
5156000 300.43 0.0501231 24.1105
5160000 302.03 0.0501231 25.3786
5164000 300.332 0.0501231 24.9632
5168000 300.465 0.0501231 24.5957
5172000 300.739 0.0501231 23.3288
5176000 298.31 0.0501231 24.3593
5180000 300.516 0.0501231 24.2334
5184000 301.657 0.0501231 24.7114
5188000 300.21 0.0501231 24.9323
5192000 300.874 0.0501231 26.15
5196000 299.837 0.0501231 24.745
5200000 300.756 0.0501231 25.6732
5204000 300.961 0.0501231 24.4413
5208000 300.095 0.0501231 25.081
5212000 301.635 0.0501231 25.2384
5216000 301.561 0.0501231 24.894
5220000 301.345 0.0501231 24.8895
5224000 301.246 0.0501231 25.5639
5228000 300.202 0.0501231 24.8261
5232000 298.824 0.0501231 25.548
5236000 301.048 0.0501231 24.5004
5240000 298.878 0.0501231 25.151
5244000 300.138 0.0501231 24.507
5248000 299.445 0.0501231 25.0558
5252000 301.84 0.0501231 25.5891
5256000 299.781 0.0501231 25.5122
5260000 300.016 0.0501231 23.9717
5264000 301.513 0.0501231 25.213
5268000 299.852 0.0501231 24.8069
5272000 300.376 0.0501231 24.2753
5276000 300.307 0.0501231 24.7596
5280000 300.903 0.0501231 23.8538
5284000 301.036 0.0501231 25.2409
5288000 300.456 0.0501231 24.2489
5292000 299.885 0.0501231 24.8313
5296000 300.606 0.0501231 25.1339
5300000 303.064 0.0501231 24.6446
5304000 301.306 0.0501231 24.7571
5308000 300.352 0.0501231 24.9086
5312000 299.975 0.0501231 24.7397
5316000 300.165 0.0501231 24.3522
5320000 300.706 0.0501231 24.244
5324000 299.078 0.0501231 24.5643
5328000 298.673 0.0501231 23.7614
5332000 300.818 0.0501231 24.718
5336000 301.096 0.0501231 25.0948
5340000 301.044 0.0501231 23.8741
5344000 300.915 0.0501231 24.7055
5348000 301.572 0.0501231 24.4687
5352000 301.437 0.0501231 24.6229
5356000 301.619 0.0501231 25.2316
5360000 301.956 0.0501231 24.8692
5364000 301.263 0.0501231 24.5617
5368000 298.945 0.0501231 24.5115
5372000 299.36 0.0501231 24.2065
5376000 299.328 0.0501231 24.6874
5380000 299.829 0.0501231 25.3862
5384000 299.714 0.0501231 25.4416
5388000 301.643 0.0501231 25.5795
5392000 302.832 0.0501231 26.0221
5396000 301.675 0.0501231 24.3122
5400000 301.557 0.0501231 24.1963
5404000 301.374 0.0501231 25.591
5408000 299.776 0.0501231 25.9874
5412000 300.535 0.0501231 24.8117
5416000 299.69 0.0501231 24.5975
5420000 299.856 0.0501231 24.4047
5424000 300.273 0.0501231 25.067
5428000 302.038 0.0501231 23.9715
5432000 301.22 0.0501231 24.3479
5436000 300.869 0.0501231 24.1103
5440000 300.589 0.0501231 24.4971
5444000 299.71 0.0501231 24.8055
5448000 300.319 0.0501231 25.5044
5452000 300.483 0.0501231 25.3755
5456000 301.226 0.0501231 24.1543
5460000 300.131 0.0501231 24.6733
5464000 301.345 0.0501231 25.2109
5468000 301.397 0.0501231 24.6816
5472000 301.169 0.0501231 24.9247
5476000 301.975 0.0501231 25.3423
5480000 300.466 0.0501231 25.6269
5484000 302.309 0.0501231 24.4677
5488000 299.83 0.0501231 24.8151
5492000 300.609 0.0501231 24.8689
5496000 302.464 0.0501231 24.7852
5500000 300.423 0.0501231 25.3646
5504000 298.518 0.0501231 25.0018
5508000 300.337 0.0501231 23.4193
5512000 299.614 0.0501231 24.7832
5516000 299.73 0.0501231 24.6086
5520000 301.046 0.0501231 24.9507
5524000 300.953 0.0501231 25.6762
5528000 299.988 0.0501231 25.7148
5532000 300.897 0.0501231 24.7275
5536000 300.61 0.0501231 25.4035
5540000 301.219 0.0501231 24.8402
5544000 301.974 0.0501231 25.7551
5548000 301.643 0.0501231 24.4553
5552000 302.191 0.0501231 23.77
5556000 300.081 0.0501231 24.4306
5560000 301.263 0.0501231 25.1572
5564000 299.475 0.0501231 24.6785
5568000 300.943 0.0501231 25.0661
5572000 300.265 0.0501231 23.1642
5576000 301.818 0.0501231 24.9708
5580000 299.834 0.0501231 25.1376
5584000 298.985 0.0501231 25.1107
5588000 298.895 0.0501231 24.6247
5592000 299.243 0.0501231 24.2613
5596000 297.969 0.0501231 26.266
5600000 300.515 0.0501231 23.9629
5604000 300.64 0.0501231 26.1121
5608000 300.001 0.0501231 23.1504
5612000 301.987 0.0501231 25.1786
5616000 298.419 0.0501231 24.5285
5620000 300.125 0.0501231 23.606
5624000 299.936 0.0501231 24.3898
5628000 300.165 0.0501231 24.3111
5632000 299.119 0.0501231 24.0685
5636000 298.29 0.0501231 24.3265
5640000 300.386 0.0501231 24.4417
5644000 299.384 0.0501231 24.7529
5648000 301.251 0.0501231 24.8312
5652000 301.744 0.0501231 24.5295
5656000 298.981 0.0501231 24.528
5660000 299.546 0.0501231 23.7033
5664000 300.134 0.0501231 23.9999
5668000 301.314 0.0501231 24.5298
5672000 300.153 0.0501231 24.2106
5676000 300.837 0.0501231 25.3137
5680000 299.351 0.0501231 24.6999
5684000 303.028 0.0501231 24.0267
5688000 301.041 0.0501231 24.8549
5692000 299.979 0.0501231 24.4177
5696000 301.784 0.0501231 24.8734
5700000 300.722 0.0501231 25.2986
5704000 300.517 0.0501231 24.9474
5708000 299.491 0.0501231 24.6918
5712000 300.107 0.0501231 24.6885
5716000 301.289 0.0501231 25.3741
5720000 298.833 0.0501231 24.4816
5724000 300.319 0.0501231 24.5948
5728000 299.473 0.0501231 24.583
5732000 297.906 0.0501231 24.6342
5736000 300.47 0.0501231 24.7503
5740000 301.081 0.0501231 23.8817
5744000 299.996 0.0501231 24.8326
5748000 298.521 0.0501231 23.4069
5752000 299.928 0.0501231 24.4673
5756000 300.131 0.0501231 24.6116
5760000 301.758 0.0501231 25.2084
5764000 301.399 0.0501231 24.6965
5768000 300.074 0.0501231 24.7702
5772000 301.38 0.0501231 25.4562
5776000 300.666 0.0501231 24.4631
5780000 299.596 0.0501231 24.6588
5784000 300.43 0.0501231 25.028
5788000 298.613 0.0501231 24.4657
5792000 301.297 0.0501231 23.9125
5796000 298.612 0.0501231 24.2005
5800000 299.128 0.0501231 24.5064
5804000 299.961 0.0501231 24.9153
5808000 299.989 0.0501231 24.5424
5812000 300.363 0.0501231 24.3835
5816000 301.074 0.0501231 25.831
5820000 301.538 0.0501231 25.3257
5824000 301.796 0.0501231 25.786
5828000 302.348 0.0501231 24.652
5832000 299.604 0.0501231 24.6345
5836000 300.651 0.0501231 24.7822
5840000 301.734 0.0501231 24.6376
5844000 300.859 0.0501231 24.5954
5848000 300.837 0.0501231 25.0537
5852000 300.403 0.0501231 25.2191
5856000 298.329 0.0501231 24.3858
5860000 299.274 0.0501231 25.4725
5864000 300.753 0.0501231 24.8304
5868000 297.851 0.0501231 26.0842
5872000 298.88 0.0501231 24.87
5876000 299.949 0.0501231 23.8578
5880000 300.298 0.0501231 24.6208
5884000 300.551 0.0501231 24.8423
5888000 299.927 0.0501231 25.2475
5892000 301.957 0.0501231 24.4772
5896000 300.035 0.0501231 23.8162
5900000 301.299 0.0501231 25.52
5904000 299.707 0.0501231 25.1267
5908000 300.769 0.0501231 25.3359
5912000 300.325 0.0501231 24.8182
5916000 299.27 0.0501231 25.4482
5920000 300.965 0.0501231 24.2969
5924000 297.57 0.0501231 24.0548
5928000 301.411 0.0501231 25.6402
5932000 300.172 0.0501231 24.8448
5936000 300.097 0.0501231 24.7535
5940000 299.98 0.0501231 24.5943
5944000 299.641 0.0501231 25.1997
5948000 300.519 0.0501231 25.2714
5952000 299.588 0.0501231 24.7597
5956000 301.232 0.0501231 24.9257
5960000 300.026 0.0501231 24.5772
5964000 299.958 0.0501231 25.3676
5968000 299.104 0.0501231 24.3182
5972000 300.288 0.0501231 24.9599
5976000 299.543 0.0501231 24.6063
5980000 298.821 0.0501231 25.1726
5984000 299.43 0.0501231 25.712
5988000 299.578 0.0501231 25.0016
5992000 301.154 0.0501231 25.4484
5996000 300.32 0.0501231 24.3251
6000000 301.117 0.0501231 25.2799
6004000 299.651 0.0501231 25.0896
6008000 302.18 0.0501231 23.8823
6012000 301.697 0.0501231 25.303
6016000 300.94 0.0501231 24.6996
6020000 300.307 0.0501231 24.4394
6024000 299.088 0.0501231 24.8177
6028000 299.837 0.0501231 24.8266
6032000 301.558 0.0501231 24.6775
6036000 300.198 0.0501231 23.7117
6040000 300.952 0.0501231 24.3653
6044000 300.257 0.0501231 24.5072
6048000 298.379 0.0501231 25.3299
6052000 298.973 0.0501231 24.9573
6056000 301.182 0.0501231 25.6091
6060000 298.494 0.0501231 25.1727
6064000 300.146 0.0501231 24.4373
6068000 300.467 0.0501231 25.1382
6072000 300.459 0.0501231 25.3932
6076000 300.927 0.0501231 24.9247
6080000 300.815 0.0501231 23.938
6084000 301.621 0.0501231 24.7137
6088000 300.101 0.0501231 25.0254
6092000 300.094 0.0501231 25.388
6096000 299.411 0.0501231 24.6245
6100000 301.179 0.0501231 24.8191
6104000 300.533 0.0501231 25.146
6108000 303.119 0.0501231 25.3138
6112000 302.095 0.0501231 24.9854
6116000 301.303 0.0501231 24.9777
6120000 298.709 0.0501231 24.4826
6124000 300.075 0.0501231 25.8352
6128000 300.956 0.0501231 24.8156
6132000 299.187 0.0501231 25.7339
6136000 301.679 0.0501231 24.0373
6140000 302.162 0.0501231 24.4239
6144000 302.239 0.0501231 25.3486
6148000 300.383 0.0501231 24.8657
6152000 299.512 0.0501231 24.1475
6156000 300.932 0.0501231 25.9871
6160000 302.321 0.0501231 25.4567
6164000 299.9 0.0501231 25.4482
6168000 301.323 0.0501231 26.6933
6172000 301.252 0.0501231 25.1618
6176000 299.575 0.0501231 25.1769
6180000 300.544 0.0501231 25.0164
6184000 302.055 0.0501231 25.7274
6188000 300.274 0.0501231 25.462
6192000 299.616 0.0501231 24.6267
6196000 298.878 0.0501231 24.9643
6200000 299.47 0.0501231 24.825
6204000 300.63 0.0501231 24.8226
6208000 299.741 0.0501231 24.755
6212000 299.914 0.0501231 25.6519
6216000 298.908 0.0501231 24.5339
6220000 301.098 0.0501231 24.9852
6224000 300.909 0.0501231 24.8712
6228000 301.599 0.0501231 24.5963
6232000 297.679 0.0501231 24.0765
6236000 301.074 0.0501231 25.1515
6240000 300.471 0.0501231 25.8271
6244000 300.271 0.0501231 24.7163
6248000 301.205 0.0501231 25.443
6252000 300.296 0.0501231 25.0341
6256000 301.666 0.0501231 25.9914
6260000 300.472 0.0501231 25.2704
6264000 300.761 0.0501231 24.4353
6268000 301.421 0.0501231 25.2854
6272000 301.655 0.0501231 25.285
6276000 299.526 0.0501231 25.5972
6280000 301.243 0.0501231 24.7832
6284000 300.45 0.0501231 25.3175
6288000 299.948 0.0501231 25.2919
6292000 300.425 0.0501231 25.1075
6296000 299.675 0.0501231 24.62
6300000 296.486 0.0501231 24.5295
6304000 299.974 0.0501231 24.918
6308000 299.993 0.0501231 23.4399
6312000 300.205 0.0501231 25.4208
6316000 300.665 0.0501231 24.9194
6320000 300.359 0.0501231 25.5622
6324000 298.803 0.0501231 24.1915
6328000 300.694 0.0501231 24.6185
6332000 300.402 0.0501231 25.525
6336000 302.177 0.0501231 25.0927
6340000 301.91 0.0501231 24.762
6344000 300.513 0.0501231 24.8007
6348000 298.807 0.0501231 25.0325
6352000 301.162 0.0501231 25.0155
6356000 299.553 0.0501231 25.2496
6360000 298.999 0.0501231 25.1006
6364000 302.641 0.0501231 25.5185
6368000 301.352 0.0501231 24.1447
6372000 299.769 0.0501231 24.2337
6376000 301.613 0.0501231 24.4303
6380000 300.732 0.0501231 24.2765
6384000 300.613 0.0501231 25.7962
6388000 301.287 0.0501231 24.4655
6392000 303.497 0.0501231 25.6917
6396000 300.534 0.0501231 25.7099
6400000 301.06 0.0501231 24.9559
6404000 301.046 0.0501231 25.5065
6408000 300.556 0.0501231 25.5522
6412000 302.211 0.0501231 24.74
6416000 300.29 0.0501231 25.3312
6420000 300.007 0.0501231 25.2276
6424000 299.793 0.0501231 25.5094
6428000 299.745 0.0501231 24.7197
6432000 299.479 0.0501231 24.2069
6436000 299.816 0.0501231 25.2447
6440000 301.596 0.0501231 25.7558
6444000 299.469 0.0501231 25.4675
6448000 300.749 0.0501231 25.1695
6452000 300.463 0.0501231 25.2854
6456000 301.815 0.0501231 24.5202
6460000 302.073 0.0501231 24.7995
6464000 300.848 0.0501231 25.6745
6468000 299.456 0.0501231 25.1984
6472000 299.473 0.0501231 26.1886
6476000 300.446 0.0501231 24.9217
6480000 298.764 0.0501231 24.7432
6484000 298.382 0.0501231 24.7708
6488000 301.229 0.0501231 24.788
6492000 300.771 0.0501231 25.3079
6496000 301.662 0.0501231 25.8613
6500000 300.306 0.0501231 25.4577
6504000 299.334 0.0501231 25.1095
6508000 301.692 0.0501231 26.4697
6512000 299.307 0.0501231 24.9676
6516000 300.367 0.0501231 24.503
6520000 300.327 0.0501231 24.1793
6524000 300.491 0.0501231 24.6152
6528000 299.449 0.0501231 25.4348
6532000 300.07 0.0501231 24.8869
6536000 300.918 0.0501231 25.4669
6540000 300.51 0.0501231 24.5353
6544000 299.391 0.0501231 25.3471
6548000 299.495 0.0501231 24.856
6552000 300.29 0.0501231 25.1149
6556000 299.954 0.0501231 24.2414
6560000 301.381 0.0501231 25.0928
6564000 298.805 0.0501231 25.6459
6568000 302.41 0.0501231 24.4666
6572000 300.587 0.0501231 24.9054
6576000 300.134 0.0501231 25.7791
6580000 300.029 0.0501231 24.4622
6584000 300.983 0.0501231 25.8123
6588000 299.756 0.0501231 25.1898
6592000 299.308 0.0501231 25.6568
6596000 301.382 0.0501231 25.3001
6600000 298.641 0.0501231 24.3883
6604000 300.59 0.0501231 25.2385
6608000 299.346 0.0501231 25.0762
6612000 300.477 0.0501231 24.8131
6616000 298.945 0.0501231 25.2287
6620000 299.325 0.0501231 24.3261
6624000 299.352 0.0501231 24.4135
6628000 301.607 0.0501231 25.7923
6632000 300.555 0.0501231 24.9344
6636000 302.608 0.0501231 25.6474
6640000 300.744 0.0501231 25.5675
6644000 300.445 0.0501231 23.7116
6648000 300.352 0.0501231 24.9199
6652000 300.16 0.0501231 24.6256
6656000 300.433 0.0501231 25.8465
6660000 301.421 0.0501231 24.0855
6664000 302.048 0.0501231 24.4523
6668000 299.619 0.0501231 24.9284
6672000 299.114 0.0501231 24.9232
6676000 301.27 0.0501231 25.7279
6680000 299.73 0.0501231 24.2646
6684000 300.356 0.0501231 24.2167
6688000 301.624 0.0501231 24.6545
6692000 297.32 0.0501231 25.7085
6696000 300.016 0.0501231 23.9825
6700000 300.274 0.0501231 25.5171
6704000 300.602 0.0501231 24.7398
6708000 301.453 0.0501231 25.0895
6712000 299.88 0.0501231 25.3898
6716000 301.217 0.0501231 24.7228
6720000 299.947 0.0501231 24.8361
6724000 301.973 0.0501231 24.7421
6728000 301.008 0.0501231 25.9356
6732000 300.204 0.0501231 25.0085
6736000 299.499 0.0501231 24.6847
6740000 299.698 0.0501231 25.3607
6744000 298.981 0.0501231 23.2137
6748000 299.281 0.0501231 25.0647
6752000 300.534 0.0501231 24.3438
6756000 302.063 0.0501231 25.3782
6760000 299.321 0.0501231 25.338
6764000 300.664 0.0501231 24.2112
6768000 299.258 0.0501231 25.2387
6772000 299.468 0.0501231 25.2295
6776000 300.539 0.0501231 24.0633
6780000 301.395 0.0501231 25.5772
6784000 299 0.0501231 24.2264
6788000 300.558 0.0501231 26.6924
6792000 299.237 0.0501231 24.7628
6796000 298.959 0.0501231 24.3376
6800000 298.542 0.0501231 25.676
6804000 300.157 0.0501231 25.0699
6808000 299.39 0.0501231 25.3641
6812000 301.213 0.0501231 24.8264
6816000 299.932 0.0501231 25.1672
6820000 297.793 0.0501231 24.7337
6824000 303.237 0.0501231 24.7959
6828000 301.02 0.0501231 25.1682
6832000 298.638 0.0501231 25.208
6836000 301.517 0.0501231 24.8735
6840000 302.61 0.0501231 25.37
6844000 299.382 0.0501231 24.6942
6848000 298.215 0.0501231 24.3783
6852000 299.74 0.0501231 25.4236
6856000 297.193 0.0501231 24.3781
6860000 299.157 0.0501231 23.9208
6864000 299.737 0.0501231 24.7009
6868000 301.537 0.0501231 25.2364
6872000 300.738 0.0501231 25.977
6876000 299.519 0.0501231 24.9419
6880000 300.561 0.0501231 25.2451
6884000 299.087 0.0501231 24.4585
6888000 300.893 0.0501231 25.5054
6892000 300.943 0.0501231 25.5705
6896000 300.184 0.0501231 24.7288
6900000 300.776 0.0501231 25.3225
6904000 301.519 0.0501231 24.609
6908000 298.404 0.0501231 24.2042
6912000 301.21 0.0501231 25.2604
6916000 299.445 0.0501231 24.109
6920000 302.341 0.0501231 24.8831
6924000 299.805 0.0501231 25.0598
6928000 299.439 0.0501231 24.5641
6932000 300.912 0.0501231 25.4497
6936000 301.601 0.0501231 24.7211
6940000 298.451 0.0501231 24.366
6944000 300.963 0.0501231 26.0566
6948000 301.286 0.0501231 24.3258
6952000 299.278 0.0501231 24.6873
6956000 301.346 0.0501231 25.5097
6960000 299.955 0.0501231 23.7756
6964000 303.216 0.0501231 25.9784
6968000 300.604 0.0501231 24.6984
6972000 299.456 0.0501231 24.7112
6976000 298.225 0.0501231 25.2253
6980000 300.015 0.0501231 24.5956
6984000 299.501 0.0501231 23.7722
6988000 300.312 0.0501231 25.1243
6992000 301.325 0.0501231 26.0416
6996000 298.647 0.0501231 24.1845
7000000 299.506 0.0501231 23.6986
7004000 299.907 0.0501231 23.6667
7008000 300.826 0.0501231 24.3639
7012000 300.717 0.0501231 24.4349
7016000 300.435 0.0501231 25.0967
7020000 301.115 0.0501231 24.7307
7024000 300.769 0.0501231 24.6981
7028000 301.482 0.0501231 25.0065
7032000 299.904 0.0501231 23.8014
7036000 300.416 0.0501231 24.7429
7040000 300.301 0.0501231 23.8953
7044000 301.454 0.0501231 25.0493
7048000 298.903 0.0501231 25.0596
7052000 300.378 0.0501231 24.4673
7056000 300.233 0.0501231 24.7531
7060000 301.464 0.0501231 24.7387
7064000 298.97 0.0501231 23.6444
7068000 300.873 0.0501231 25.2268
7072000 299.014 0.0501231 24.2497
7076000 300.736 0.0501231 25.1065
7080000 302.682 0.0501231 24.7248
7084000 300.399 0.0501231 24.9509
7088000 300.819 0.0501231 24.5757
7092000 301.231 0.0501231 25.5223
7096000 299.033 0.0501231 23.7343
7100000 299.598 0.0501231 25.1734
7104000 300.333 0.0501231 24.6852
7108000 300.82 0.0501231 24.7931
7112000 300.759 0.0501231 24.5713
7116000 299.666 0.0501231 24.8532
7120000 300.653 0.0501231 25.0586
7124000 300.012 0.0501231 23.4555
7128000 300.216 0.0501231 23.9991
7132000 301.884 0.0501231 24.9238
7136000 301.927 0.0501231 24.2565
7140000 302.229 0.0501231 25.4778
7144000 300.257 0.0501231 25.5502
7148000 300.176 0.0501231 24.7553
7152000 299.51 0.0501231 24.5332
7156000 299.037 0.0501231 25.2139
7160000 298.513 0.0501231 23.9331
7164000 301.248 0.0501231 24.4098
7168000 301.767 0.0501231 25.282
7172000 300.474 0.0501231 25.8425
7176000 300.17 0.0501231 25.0535
7180000 299.435 0.0501231 24.9211
7184000 298.772 0.0501231 25.234
7188000 300.633 0.0501231 25.8116
7192000 300.789 0.0501231 25.1541
7196000 298.073 0.0501231 24.5298
7200000 299.063 0.0501231 24.6441
7204000 300.095 0.0501231 25.4728
7208000 301.634 0.0501231 25.056
7212000 300.19 0.0501231 25.2219
7216000 301.305 0.0501231 25.5308
7220000 303.074 0.0501231 25.085
7224000 299.454 0.0501231 25.4499
7228000 299.839 0.0501231 24.3526
7232000 300.161 0.0501231 24.5012
7236000 301.755 0.0501231 24.5292
7240000 299.259 0.0501231 24.4411
7244000 301.872 0.0501231 24.7056
7248000 301.812 0.0501231 24.7825
7252000 299.699 0.0501231 25.3768
7256000 300.249 0.0501231 25.517
7260000 302.082 0.0501231 24.9736
7264000 300.051 0.0501231 24.826
7268000 299.572 0.0501231 24.138
7272000 300.107 0.0501231 24.8968
7276000 298.853 0.0501231 24.7071
7280000 300.815 0.0501231 25.5104
7284000 300.9 0.0501231 24.5654
7288000 298.968 0.0501231 24.5261
7292000 299.597 0.0501231 24.8936
7296000 301.984 0.0501231 24.5969
7300000 299.974 0.0501231 25.3023
7304000 300.228 0.0501231 23.8199
7308000 302.115 0.0501231 25.5567
7312000 298.931 0.0501231 23.691
7316000 299.799 0.0501231 25.3868
7320000 301.436 0.0501231 24.8027
7324000 300.842 0.0501231 24.4015
7328000 300.775 0.0501231 24.4523
7332000 301.56 0.0501231 24.5744
7336000 301.183 0.0501231 24.5071
7340000 300.109 0.0501231 24.3962
7344000 300.382 0.0501231 25.037
7348000 302.051 0.0501231 25.1654
7352000 300.767 0.0501231 24.4432
7356000 298.376 0.0501231 24.5436
7360000 300.192 0.0501231 25.2149
7364000 298.992 0.0501231 25.1758
7368000 299.42 0.0501231 25.1579
7372000 301.269 0.0501231 24.9452
7376000 299.724 0.0501231 24.2741
7380000 300.317 0.0501231 24.8947
7384000 300.202 0.0501231 23.7737
7388000 300.854 0.0501231 26.9667
7392000 299.078 0.0501231 23.9539
7396000 300.057 0.0501231 25.5192
7400000 301.134 0.0501231 24.3846
7404000 301.327 0.0501231 24.7918
7408000 300.992 0.0501231 23.9156
7412000 299.687 0.0501231 25.1145
7416000 300.81 0.0501231 24.5544
7420000 300.028 0.0501231 24.4055
7424000 302.531 0.0501231 24.9343
7428000 301.733 0.0501231 24.0478
7432000 300.912 0.0501231 24.2944
7436000 302.345 0.0501231 25.0222
7440000 300.072 0.0501231 24.4938
7444000 300.304 0.0501231 24.978
7448000 301.112 0.0501231 24.3578
7452000 298.746 0.0501231 24.651
7456000 301.023 0.0501231 24.7825
7460000 299.058 0.0501231 23.8427
7464000 300.832 0.0501231 24.3113
7468000 300.997 0.0501231 25.4047
7472000 300.989 0.0501231 24.2716
7476000 301.65 0.0501231 24.3961
7480000 300.767 0.0501231 24.9549
7484000 302.371 0.0501231 24.7938
7488000 301.144 0.0501231 25.1708
7492000 301.229 0.0501231 25.2052
7496000 299.164 0.0501231 25.3696
7500000 301.176 0.0501231 25.227
7504000 300.327 0.0501231 24.5106
7508000 300.899 0.0501231 23.8465
7512000 300.329 0.0501231 24.7551
7516000 299.243 0.0501231 24.9023
7520000 301.395 0.0501231 24.8867
7524000 300.203 0.0501231 24.0711
7528000 300.267 0.0501231 24.547
7532000 299.878 0.0501231 25.0914
7536000 298.664 0.0501231 23.7513
7540000 298.198 0.0501231 24.742
7544000 299.842 0.0501231 24.901
7548000 300.097 0.0501231 24.9098
7552000 300.733 0.0501231 25.3983
7556000 300.019 0.0501231 25.4048
7560000 300.82 0.0501231 25.2525
7564000 299.694 0.0501231 24.8949
7568000 301.838 0.0501231 25.6546
7572000 301.457 0.0501231 25.4174
7576000 300.418 0.0501231 24.4745
7580000 301.274 0.0501231 25.2684
7584000 300.992 0.0501231 25.5055
7588000 302.02 0.0501231 24.7516
7592000 301.03 0.0501231 24.7454
7596000 299.942 0.0501231 24.9349
7600000 300.884 0.0501231 24.7173
7604000 300.795 0.0501231 23.9833
7608000 299.117 0.0501231 25.4411
7612000 300.064 0.0501231 23.982
7616000 298.911 0.0501231 24.7206
7620000 299.145 0.0501231 24.6411
7624000 302.075 0.0501231 24.0434
7628000 300.796 0.0501231 24.7635
7632000 300.676 0.0501231 25.1778
7636000 301.221 0.0501231 24.7763
7640000 300.438 0.0501231 25.2413
7644000 302.075 0.0501231 25.2377
7648000 300.369 0.0501231 25.4961
7652000 300.693 0.0501231 24.8548
7656000 300.308 0.0501231 24.9141
7660000 299.139 0.0501231 23.9162
7664000 301.398 0.0501231 24.3473
7668000 300.718 0.0501231 25.1058
7672000 301.673 0.0501231 24.8362
7676000 298.513 0.0501231 24.3728
7680000 299.033 0.0501231 25.3041
7684000 299.925 0.0501231 25.7229
7688000 302.002 0.0501231 24.3578
7692000 300.705 0.0501231 24.6374
7696000 300.568 0.0501231 24.3701
7700000 300.361 0.0501231 25.0097
7704000 299.722 0.0501231 24.7271
7708000 300.567 0.0501231 24.5274
7712000 301.037 0.0501231 24.6039
7716000 298.966 0.0501231 24.9919
7720000 299.776 0.0501231 24.6017
7724000 300.354 0.0501231 24.5428
7728000 301.906 0.0501231 24.8589
7732000 301.888 0.0501231 25.4245
7736000 300.119 0.0501231 24.3687
7740000 299.807 0.0501231 24.5499
7744000 299.567 0.0501231 24.442
7748000 300.529 0.0501231 24.1208
7752000 300.635 0.0501231 24.4845
7756000 300.023 0.0501231 24.5928
7760000 299.491 0.0501231 24.3306
7764000 299.695 0.0501231 25.1056
7768000 300.744 0.0501231 24.7902
7772000 300.931 0.0501231 25.19
7776000 299.877 0.0501231 25.1248
7780000 301.453 0.0501231 24.7463
7784000 300.664 0.0501231 26.3979
7788000 300.349 0.0501231 25.375
7792000 299.484 0.0501231 24.5096
7796000 299.461 0.0501231 25.4514
7800000 300.679 0.0501231 24.6123
7804000 300.007 0.0501231 25.2054
7808000 299.593 0.0501231 25.1244
7812000 300.556 0.0501231 24.7163
7816000 300.641 0.0501231 24.8237
7820000 298.267 0.0501231 24.305
7824000 302.233 0.0501231 26.0552
7828000 300.622 0.0501231 24.458
7832000 300.714 0.0501231 25.3285
7836000 301.087 0.0501231 25.2318
7840000 299.6 0.0501231 24.892
7844000 300.989 0.0501231 25.3233
7848000 299.613 0.0501231 24.9627
7852000 300.301 0.0501231 24.4726
7856000 300.806 0.0501231 25.3292
7860000 300.152 0.0501231 25.2294
7864000 302.465 0.0501231 24.6486
7868000 298.85 0.0501231 24.7337
7872000 298.33 0.0501231 25.6606
7876000 299.504 0.0501231 25.23
7880000 298.722 0.0501231 25.0454
7884000 299.834 0.0501231 24.3813
7888000 301.307 0.0501231 25.8752
7892000 300.156 0.0501231 25.103
7896000 303.597 0.0501231 25.1254
7900000 301.756 0.0501231 24.6541
7904000 298.062 0.0501231 24.3891
7908000 299.067 0.0501231 24.2472
7912000 300.065 0.0501231 23.5321
7916000 299.782 0.0501231 25.2109
7920000 299.399 0.0501231 24.1314
7924000 301.892 0.0501231 24.9831
7928000 299.478 0.0501231 24.4836
7932000 301.269 0.0501231 24.7543
7936000 300.561 0.0501231 25.0496
7940000 301.109 0.0501231 25.2598
7944000 301.059 0.0501231 24.2114
7948000 300.903 0.0501231 23.8229
7952000 300.682 0.0501231 24.2249
7956000 299.858 0.0501231 24.2454
7960000 299.906 0.0501231 23.9784
7964000 301.088 0.0501231 25.5066
7968000 298.712 0.0501231 23.4
7972000 301.175 0.0501231 25.0159
7976000 300.047 0.0501231 24.6442
7980000 298.891 0.0501231 24.307
7984000 301.312 0.0501231 25.0472
7988000 300.4 0.0501231 24.7473
7992000 301.302 0.0501231 26.0379
7996000 300.79 0.0501231 25.3144
8000000 299.714 0.0501231 25.3761
