# Time-averaged data for fix mydat
# TimeStep v_mtmp v_mden v_mpre
4000 328.421 0.011046 5.53052
8000 302.212 0.011046 6.40484
12000 300.424 0.011046 5.78643
16000 301.266 0.011046 5.99279
20000 298.362 0.011046 6.0563
24000 299.856 0.011046 5.92103
28000 302.499 0.011046 5.83845
32000 299.343 0.011046 6.00624
36000 302.475 0.011046 5.81551
40000 300.276 0.011046 6.02065
44000 300.627 0.011046 5.87832
48000 300.447 0.011046 5.93659
52000 299.977 0.011046 5.75887
56000 301.483 0.011046 5.94486
60000 298.489 0.011046 5.85231
64000 299.382 0.011046 5.82007
68000 300.049 0.011046 6.24129
72000 300.724 0.011046 5.79132
76000 299.748 0.011046 5.85272
80000 300.446 0.011046 5.67231
84000 300.688 0.011046 5.95879
88000 300.691 0.011046 5.99976
92000 300.659 0.011046 5.90054
96000 300.041 0.011046 5.92516
100000 300.89 0.011046 5.76291
104000 299.683 0.011046 5.87704
108000 300.918 0.011046 5.99263
112000 299.618 0.011046 5.92823
116000 300.863 0.011046 5.88729
120000 299.337 0.011046 5.92155
124000 301.544 0.011046 5.82654
128000 299.748 0.011046 6.14307
132000 300.046 0.011046 5.82974
136000 301.041 0.011046 5.74474
140000 301.763 0.011046 5.82575
144000 299.671 0.011046 5.88474
148000 301.109 0.011046 5.95201
152000 302.352 0.011046 6.03662
156000 301.174 0.011046 5.98722
160000 299.502 0.011046 5.94572
164000 300.487 0.011046 5.80065
168000 300.725 0.011046 6.05081
172000 300.322 0.011046 6.12603
176000 299.204 0.011046 5.93791
180000 300.002 0.011046 5.79822
184000 299.51 0.011046 5.97092
188000 300.734 0.011046 5.7696
192000 301.268 0.011046 6.04445
196000 301.096 0.011046 5.88882
200000 298.782 0.011046 5.82866
204000 300.615 0.011046 5.82993
208000 299.81 0.011046 5.64422
212000 301.665 0.011046 6.12913
216000 299.503 0.011046 5.60317
220000 300.509 0.011046 5.90381
224000 299.663 0.011046 5.87068
228000 300.05 0.011046 5.84451
232000 300.227 0.011046 5.98204
236000 302.685 0.011046 5.94239
240000 300.792 0.011046 5.92761
244000 299.354 0.011046 5.73806
248000 300.221 0.011046 6.00435
252000 301.818 0.011046 6.08833
256000 300.618 0.011046 5.96659
260000 299.671 0.011046 5.75426
264000 299.222 0.011046 5.84693
268000 299.539 0.011046 5.87883
272000 300.745 0.011046 5.90165
276000 300.201 0.011046 5.85823
280000 300.73 0.011046 6.03762
284000 300.305 0.011046 5.94731
288000 300.669 0.011046 5.87104
292000 302.984 0.011046 5.73309
296000 300.145 0.011046 6.12285
300000 300.727 0.011046 5.76256
304000 299.433 0.011046 5.94362
308000 301.139 0.011046 5.90566
312000 301.606 0.011046 5.9697
316000 300.559 0.011046 5.97923
320000 301.021 0.011046 5.85427
324000 301.506 0.011046 5.81079
328000 300.279 0.011046 5.95321
332000 300.294 0.011046 5.89361
336000 302.127 0.011046 5.95842
340000 299.023 0.011046 5.84403
344000 299.791 0.011046 5.78759
348000 301.261 0.011046 5.98815
352000 300.436 0.011046 5.92619
356000 298.563 0.011046 6.06151
360000 301.579 0.011046 6.11268
364000 301.717 0.011046 5.85031
368000 300.851 0.011046 6.01642
372000 299.775 0.011046 6.10942
376000 299.794 0.011046 5.87374
380000 300.113 0.011046 5.90841
384000 299.97 0.011046 6.05983
388000 299.219 0.011046 5.95198
392000 301.253 0.011046 5.947
396000 299.077 0.011046 5.7425
400000 302.536 0.011046 5.91085
404000 300.645 0.011046 6.01742
408000 299.131 0.011046 5.9189
412000 300.6 0.011046 6.01054
416000 301.668 0.011046 5.95446
420000 299.414 0.011046 5.92058
424000 297.635 0.011046 5.90939
428000 300.479 0.011046 5.94468
432000 298.967 0.011046 5.86629
436000 302.07 0.011046 5.99251
440000 300.493 0.011046 6.10577
444000 303.296 0.011046 6.21768
448000 300.296 0.011046 5.83548
452000 300.223 0.011046 5.99654
456000 301.266 0.011046 6.10054
460000 301.822 0.011046 5.92063
464000 301.907 0.011046 6.11882
468000 300.08 0.011046 5.99678
472000 300.662 0.011046 5.95425
476000 300.244 0.011046 6.0284
480000 300.705 0.011046 6.07671
484000 299.373 0.011046 6.06988
488000 298.307 0.011046 5.78315
492000 298.002 0.011046 5.89432
496000 296.534 0.011046 5.88081
500000 299.8 0.011046 5.75559
504000 300.868 0.011046 5.86326
508000 298.408 0.011046 6.17674
512000 301.718 0.011046 6.08901
516000 298.539 0.011046 5.84222
520000 301.577 0.011046 6.19798
524000 300.444 0.011046 5.86319
528000 300.814 0.011046 6.09089
532000 302.691 0.011046 6.01732
536000 300.473 0.011046 5.945
540000 299.512 0.011046 6.04506
544000 300.192 0.011046 6.02075
548000 301.944 0.011046 6.068
552000 296.525 0.011046 5.85178
556000 300.409 0.011046 6.05621
560000 301.585 0.011046 6.04491
564000 300.172 0.011046 5.95759
568000 299.717 0.011046 6.17152
572000 301.667 0.011046 6.09951
576000 300.182 0.011046 6.08025
580000 301.224 0.011046 6.04091
584000 300.543 0.011046 5.87025
588000 299.959 0.011046 5.95321
592000 301.703 0.011046 6.03161
596000 301.539 0.011046 6.10609
600000 299.905 0.011046 6.23146
604000 301.559 0.011046 5.87329
608000 301.487 0.011046 6.12624
612000 299.846 0.011046 6.02388
616000 300.324 0.011046 6.10826
620000 301.412 0.011046 5.92299
624000 299.698 0.011046 6.17938
628000 300.846 0.011046 6.16371
632000 300.768 0.011046 5.88355
636000 299.936 0.011046 6.11926
640000 300.669 0.011046 5.86541
644000 299.354 0.011046 6.03038
648000 300.537 0.011046 6.01053
652000 299.544 0.011046 5.85814
656000 299.25 0.011046 6.03401
660000 300.135 0.011046 6.00059
664000 299.791 0.011046 6.05794
668000 300.275 0.011046 5.86549
672000 299.982 0.011046 5.95266
676000 300.161 0.011046 5.96624
680000 300.393 0.011046 6.18241
684000 299.628 0.011046 5.71027
688000 301.684 0.011046 6.01998
692000 300.037 0.011046 5.92745
696000 301.807 0.011046 6.06562
700000 299.399 0.011046 5.96254
704000 299.362 0.011046 6.0912
708000 300.274 0.011046 5.93153
712000 302.317 0.011046 6.04207
716000 300.567 0.011046 6.01571
720000 299.422 0.011046 5.98671
724000 300.368 0.011046 5.99147
728000 298.239 0.011046 5.90741
732000 298.578 0.011046 5.93762
736000 299.578 0.011046 6.09779
740000 299.08 0.011046 5.81938
744000 302.363 0.011046 6.02197
748000 301.91 0.011046 6.01631
752000 300.003 0.011046 5.94829
756000 300.105 0.011046 5.89571
760000 300.922 0.011046 5.96613
764000 301.834 0.011046 6.05452
768000 300.936 0.011046 5.98991
772000 301.255 0.011046 6.07494
776000 302.506 0.011046 6.09945
780000 298.908 0.011046 5.97911
784000 300.978 0.011046 5.87666
788000 299.985 0.011046 6.02766
792000 299.647 0.011046 6.01672
796000 300.282 0.011046 6.07684
800000 299.362 0.011046 5.98487
804000 300.112 0.011046 6.02825
808000 299.709 0.011046 5.93697
812000 300.305 0.011046 5.94065
816000 302.977 0.011046 6.02832
820000 299.937 0.011046 5.8889
824000 299.852 0.011046 5.99539
828000 299.244 0.011046 5.9062
832000 299.805 0.011046 6.20933
836000 300.699 0.011046 6.00297
840000 300.432 0.011046 6.10825
844000 301.108 0.011046 5.98178
848000 299.951 0.011046 6.04653
852000 303.36 0.011046 6.03582
856000 301.12 0.011046 5.90517
860000 300.556 0.011046 5.98537
864000 297.973 0.011046 5.89057
868000 299.989 0.011046 6.05449
872000 299 0.011046 6.0122
876000 300.354 0.011046 6.06612
880000 300.206 0.011046 5.99574
884000 302.454 0.011046 6.1676
888000 299.996 0.011046 5.98878
892000 300.174 0.011046 6.23434
896000 300.907 0.011046 5.99082
900000 303.036 0.011046 6.0046
904000 299.641 0.011046 5.99699
908000 301.668 0.011046 6.04136
912000 300.63 0.011046 5.95588
916000 298.854 0.011046 6.02477
920000 299.733 0.011046 5.9125
924000 299.464 0.011046 5.99253
928000 300.784 0.011046 6.07383
932000 302.156 0.011046 5.99511
936000 300.113 0.011046 5.97643
940000 300.825 0.011046 6.0559
944000 299.915 0.011046 5.98867
948000 298.634 0.011046 5.9388
952000 299.401 0.011046 5.85975
956000 301.084 0.011046 6.14538
960000 300.396 0.011046 5.95699
964000 299.571 0.011046 5.886
968000 299.022 0.011046 5.89405
972000 300.451 0.011046 6.10905
976000 299.226 0.011046 5.97773
980000 299.335 0.011046 5.99908
984000 300.37 0.011046 6.094
988000 301.929 0.011046 5.97933
992000 298.574 0.011046 5.89404
996000 299.443 0.011046 5.9962
1000000 300.065 0.011046 5.93598
1004000 298.692 0.011046 5.93601
1008000 300.61 0.011046 6.01245
1012000 300.165 0.011046 6.0379
1016000 299.857 0.011046 6.0839
1020000 298.653 0.011046 6.05866
1024000 299.83 0.011046 5.99102
1028000 299.627 0.011046 6.02321
1032000 301.343 0.011046 6.08086
1036000 300.076 0.011046 5.96981
1040000 299.592 0.011046 5.96775
1044000 299.218 0.011046 6.0709
1048000 300.721 0.011046 6.00773
1052000 299.697 0.011046 5.99703
1056000 300.989 0.011046 6.09057
1060000 299.869 0.011046 6.05197
1064000 300.307 0.011046 5.89926
1068000 299.764 0.011046 5.97623
1072000 299.731 0.011046 5.96042
1076000 300.492 0.011046 6.09739
1080000 299.758 0.011046 5.9913
1084000 301.462 0.011046 6.02048
1088000 300.617 0.011046 5.98875
1092000 300.224 0.011046 6.10914
1096000 299.461 0.011046 6.08129
1100000 301.914 0.011046 6.14633
1104000 298.895 0.011046 6.03093
1108000 299.938 0.011046 5.89075
1112000 300.566 0.011046 6.02911
1116000 301.91 0.011046 6.03811
1120000 299.693 0.011046 6.07035
1124000 300.784 0.011046 6.066
1128000 301.648 0.011046 6.00452
1132000 302.161 0.011046 6.13714
1136000 300.429 0.011046 6.12692
1140000 301.042 0.011046 6.15462
1144000 300.545 0.011046 6.03452
1148000 300.497 0.011046 6.05928
1152000 299.326 0.011046 5.97499
1156000 299.62 0.011046 6.1132
1160000 299.85 0.011046 5.91848
1164000 300.647 0.011046 6.13219
1168000 300.654 0.011046 5.86137
1172000 297.876 0.011046 5.8818
1176000 300.468 0.011046 5.98138
1180000 300.375 0.011046 5.99177
1184000 300.902 0.011046 5.96074
1188000 300.875 0.011046 6.07067
1192000 299.81 0.011046 6.05714
1196000 298.437 0.011046 6.06045
1200000 298.297 0.011046 5.85595
1204000 298.711 0.011046 6.07408
1208000 300.696 0.011046 5.90249
1212000 299.922 0.011046 6.10738
1216000 301.136 0.011046 6.15741
1220000 300.76 0.011046 6.06148
1224000 299.555 0.011046 5.93722
1228000 299.207 0.011046 6.15448
1232000 300.028 0.011046 5.87095
1236000 301.147 0.011046 5.97873
1240000 300.272 0.011046 6.35868
1244000 298.794 0.011046 5.91282
1248000 302.025 0.011046 6.095
1252000 300.235 0.011046 5.95055
1256000 299.625 0.011046 5.89537
1260000 302.3 0.011046 6.06079
1264000 301.08 0.011046 5.93719
1268000 299.161 0.011046 6.02359
1272000 299.202 0.011046 5.92519
1276000 301.25 0.011046 6.06336
1280000 302.219 0.011046 6.08362
1284000 301.003 0.011046 6.01074
1288000 300.884 0.011046 6.05651
1292000 300.669 0.011046 5.91943
1296000 299.742 0.011046 5.99489
1300000 299.942 0.011046 6.05783
1304000 301.446 0.011046 6.06345
1308000 299.303 0.011046 6.05068
1312000 299.653 0.011046 6.00029
1316000 301.902 0.011046 6.1215
1320000 300.789 0.011046 6.17693
1324000 299.507 0.011046 6.18185
1328000 298.934 0.011046 5.91089
1332000 301.101 0.011046 6.22602
1336000 300.222 0.011046 5.93402
1340000 300.482 0.011046 6.2146
1344000 299.329 0.011046 6.05954
1348000 302.295 0.011046 5.96171
1352000 299.097 0.011046 6.16541
1356000 303.774 0.011046 6.25659
1360000 301.377 0.011046 5.95362
1364000 299.2 0.011046 6.05027
1368000 300.755 0.011046 6.22017
1372000 299.911 0.011046 6.06392
1376000 300.114 0.011046 6.30005
1380000 301.703 0.011046 5.91206
1384000 301.815 0.011046 6.06764
1388000 302.582 0.011046 6.10628
1392000 301.104 0.011046 6.12431
1396000 299.039 0.011046 6.05908
1400000 302.593 0.011046 6.07505
1404000 300.806 0.011046 5.99641
1408000 300.23 0.011046 6.11184
1412000 299.861 0.011046 6.2057
1416000 300.671 0.011046 6.00686
1420000 298.542 0.011046 5.95626
1424000 300.494 0.011046 6.04615
1428000 300.66 0.011046 6.22152
1432000 299.523 0.011046 5.91073
1436000 298.897 0.011046 6.10944
1440000 299.587 0.011046 5.95916
1444000 300.824 0.011046 6.07876
1448000 300.289 0.011046 6.10234
1452000 300.471 0.011046 5.96157
1456000 298.182 0.011046 6.11467
1460000 301.56 0.011046 6.05352
1464000 301.567 0.011046 6.01986
1468000 298.736 0.011046 5.96169
1472000 299.618 0.011046 5.98212
1476000 300.892 0.011046 6.10139
1480000 300.922 0.011046 6.06018
1484000 301.551 0.011046 6.0487
1488000 300.902 0.011046 6.01288
1492000 300.8 0.011046 6.13292
1496000 300.402 0.011046 5.92253
1500000 299.446 0.011046 5.97844
1504000 301.523 0.011046 5.96737
1508000 301.298 0.011046 6.06723
1512000 301.677 0.011046 6.09852
1516000 302.107 0.011046 6.01094
1520000 300.587 0.011046 5.97166
1524000 299.911 0.011046 5.9898
1528000 300.054 0.011046 6.07937
1532000 297.818 0.011046 6.06971
1536000 301.594 0.011046 6.18091
1540000 300.811 0.011046 5.95801
1544000 300.361 0.011046 6.08457
1548000 300.986 0.011046 6.02382
1552000 300.845 0.011046 6.01597
1556000 299.745 0.011046 5.94598
1560000 300.903 0.011046 6.0262
1564000 298.524 0.011046 5.9158
1568000 300.978 0.011046 5.95015
1572000 300.666 0.011046 5.94583
1576000 300.031 0.011046 6.05798
1580000 299.502 0.011046 6.03668
1584000 302.289 0.011046 6.05857
1588000 301.876 0.011046 6.14713
1592000 302.078 0.011046 5.94657
1596000 302.613 0.011046 6.14221
1600000 298.405 0.011046 6.0627
1604000 299.192 0.011046 6.15684
1608000 300.914 0.011046 5.84445
1612000 301.568 0.011046 6.12967
1616000 301.365 0.011046 5.92394
1620000 298.803 0.011046 5.98181
1624000 301.005 0.011046 5.97675
1628000 299.575 0.011046 5.95908
1632000 301.676 0.011046 5.97543
1636000 300.043 0.011046 6.10503
1640000 302.289 0.011046 6.06432
1644000 300.364 0.011046 5.94356
1648000 299.421 0.011046 5.94923
1652000 299.595 0.011046 6.04772
1656000 300.36 0.011046 5.89725
1660000 299.804 0.011046 5.92836
1664000 301.727 0.011046 5.96977
1668000 301.323 0.011046 5.98509
1672000 301.148 0.011046 5.96536
1676000 301.485 0.011046 6.09203
1680000 301.05 0.011046 5.96743
1684000 299.547 0.011046 6.10977
1688000 301.203 0.011046 5.96415
1692000 299.046 0.011046 5.94302
1696000 300.852 0.011046 6.14986
1700000 300.661 0.011046 6.0285
1704000 299.79 0.011046 5.84955
1708000 298.936 0.011046 5.87646
1712000 302.29 0.011046 6.16976
1716000 300.781 0.011046 5.96823
1720000 300.676 0.011046 5.97794
1724000 301.433 0.011046 5.98764
1728000 301.147 0.011046 6.0605
1732000 300.474 0.011046 6.06117
1736000 301.73 0.011046 6.08642
1740000 302.031 0.011046 6.08433
1744000 299.677 0.011046 6.0834
1748000 299.857 0.011046 6.03401
1752000 300.409 0.011046 5.96244
1756000 301.557 0.011046 6.21594
1760000 299.802 0.011046 5.97417
1764000 301.707 0.011046 6.04904
1768000 302.054 0.011046 6.09063
1772000 300.908 0.011046 6.04787
1776000 299.893 0.011046 6.17052
1780000 298.349 0.011046 5.89621
1784000 298.57 0.011046 5.9817
1788000 301.049 0.011046 6.10975
1792000 300.837 0.011046 6.1361
1796000 299.424 0.011046 5.95497
1800000 300.257 0.011046 5.96578
1804000 301.848 0.011046 6.08569
1808000 301.163 0.011046 6.00599
1812000 301.115 0.011046 6.00237
1816000 299.142 0.011046 5.99573
1820000 299.695 0.011046 6.11541
1824000 301.823 0.011046 6.16574
1828000 300.276 0.011046 6.03847
1832000 301.557 0.011046 5.87431
1836000 299.935 0.011046 5.97093
1840000 301.345 0.011046 6.30895
1844000 300.834 0.011046 6.01801
1848000 301.857 0.011046 6.09317
1852000 301.496 0.011046 6.0072
1856000 300.388 0.011046 6.04309
1860000 301.826 0.011046 6.19173
1864000 299.086 0.011046 6.01356
1868000 299.687 0.011046 5.96893
1872000 299.946 0.011046 5.83306
1876000 301.269 0.011046 6.20013
1880000 300.592 0.011046 6.01874
1884000 301.674 0.011046 5.97475
1888000 297.922 0.011046 6.1233
1892000 301.017 0.011046 6.0705
1896000 300.641 0.011046 5.9149
1900000 299.955 0.011046 6.02652
1904000 301.688 0.011046 5.98741
1908000 299.717 0.011046 5.88423
1912000 303.285 0.011046 6.09851
1916000 302.319 0.011046 6.07878
1920000 300.489 0.011046 6.10489
1924000 300.623 0.011046 6.01553
1928000 299.373 0.011046 5.9874
1932000 299.665 0.011046 6.00327
1936000 301.615 0.011046 6.07635
1940000 300.874 0.011046 6.02555
1944000 302.341 0.011046 6.22888
1948000 298.845 0.011046 5.8598
1952000 300.956 0.011046 6.46615
1956000 301.533 0.011046 5.81868
1960000 301.12 0.011046 5.95521
1964000 301.446 0.011046 6.07464
1968000 299.495 0.011046 6.00367
1972000 301.072 0.011046 5.98741
1976000 300.778 0.011046 6.09551
1980000 300.731 0.011046 6.00441
1984000 300.29 0.011046 6.13845
1988000 299.921 0.011046 6.0507
1992000 299.37 0.011046 6.04046
1996000 300.957 0.011046 6.00528
2000000 300.511 0.011046 6.15089
2004000 301.697 0.011046 6.10206
2008000 299.825 0.011046 6.05682
2012000 298.628 0.011046 5.90301
2016000 300.061 0.011046 6.08045
2020000 300.565 0.011046 6.08923
2024000 300.688 0.011046 6.07141
2028000 300.277 0.011046 6.03522
2032000 299.958 0.011046 5.95056
2036000 301.442 0.011046 6.15021
2040000 300.355 0.011046 6.03751
2044000 302.3 0.011046 6.14255
2048000 301.741 0.011046 6.08252
2052000 300.856 0.011046 6.26269
2056000 300.522 0.011046 6.00693
2060000 300.522 0.011046 6.07629
2064000 300.762 0.011046 6.06209
2068000 300.509 0.011046 6.13441
2072000 300.381 0.011046 6.14514
2076000 302.241 0.011046 6.06423
2080000 300.786 0.011046 5.99983
2084000 301.045 0.011046 6.1763
2088000 299.895 0.011046 5.96107
2092000 299.347 0.011046 6.06369
2096000 300.056 0.011046 6.14413
2100000 299.187 0.011046 5.86547
2104000 299.314 0.011046 6.11889
2108000 299.674 0.011046 6.0076
2112000 302.053 0.011046 6.06503
2116000 301.154 0.011046 6.08701
2120000 298.885 0.011046 5.73402
2124000 302.016 0.011046 6.30078
2128000 300.787 0.011046 6.00702
2132000 299.344 0.011046 5.95344
2136000 299.502 0.011046 6.04619
2140000 299.561 0.011046 5.98079
2144000 300.03 0.011046 6.09547
2148000 300.751 0.011046 6.0965
2152000 299.687 0.011046 6.05481
2156000 299.491 0.011046 5.92802
2160000 301.242 0.011046 6.07311
2164000 300.773 0.011046 6.05113
2168000 300.581 0.011046 6.18843
2172000 301.894 0.011046 5.99461
2176000 300.09 0.011046 6.13529
2180000 298.295 0.011046 6.02701
2184000 299.398 0.011046 6.08783
2188000 301.577 0.011046 6.04893
2192000 300.078 0.011046 6.15733
2196000 301.11 0.011046 6.07926
2200000 301.206 0.011046 6.00879
2204000 298.044 0.011046 6.05321
2208000 300.33 0.011046 6.07187
2212000 300.168 0.011046 6.03045
2216000 298.498 0.011046 6.08854
2220000 299.65 0.011046 5.87068
2224000 300.037 0.011046 5.91287
2228000 299.492 0.011046 5.97592
2232000 302.551 0.011046 6.03576
2236000 297.379 0.011046 6.11259
2240000 299.548 0.011046 5.9455
2244000 301.371 0.011046 5.99045
2248000 300.238 0.011046 6.05051
2252000 300.417 0.011046 6.07884
2256000 300.075 0.011046 6.04
2260000 302.15 0.011046 6.10784
2264000 300.817 0.011046 5.98934
2268000 301.744 0.011046 6.11351
2272000 300.15 0.011046 6.01521
2276000 301.151 0.011046 6.11612
2280000 299.706 0.011046 6.01376
2284000 300.853 0.011046 6.00455
2288000 300.585 0.011046 5.92046
2292000 301.757 0.011046 6.08568
2296000 300.951 0.011046 6.16526
2300000 300.304 0.011046 6.0747
2304000 302.115 0.011046 6.08556
2308000 300.163 0.011046 5.90821
2312000 301.088 0.011046 6.00562
2316000 298.69 0.011046 5.91731
2320000 299.955 0.011046 6.13084
2324000 299.403 0.011046 5.9804
2328000 301.087 0.011046 6.00221
2332000 300.865 0.011046 6.22472
2336000 300.993 0.011046 5.85267
2340000 299.242 0.011046 5.9885
2344000 299.418 0.011046 6.0595
2348000 300.687 0.011046 6.02785
2352000 301.804 0.011046 6.13572
2356000 301.242 0.011046 6.08622
2360000 300.878 0.011046 6.16576
2364000 298.852 0.011046 5.84871
2368000 301.506 0.011046 6.15302
2372000 299.372 0.011046 5.82151
2376000 299.082 0.011046 6.0868
2380000 301.289 0.011046 6.02749
2384000 301.244 0.011046 6.01624
2388000 300.198 0.011046 6.00091
2392000 301.983 0.011046 6.04198
2396000 301.397 0.011046 6.16114
2400000 300.953 0.011046 5.88997
2404000 302.164 0.011046 5.97036
2408000 299.852 0.011046 5.87952
2412000 300.446 0.011046 6.26735
2416000 300.639 0.011046 5.81185
2420000 298.57 0.011046 5.79316
2424000 299.473 0.011046 6.03883
2428000 302.454 0.011046 6.08651
2432000 299.293 0.011046 6.0137
2436000 301.146 0.011046 6.06728
2440000 300.545 0.011046 6.01862
2444000 300.75 0.011046 6.00745
2448000 301.517 0.011046 5.99362
2452000 300.291 0.011046 5.97977
2456000 300.561 0.011046 6.06907
2460000 299.239 0.011046 6.01047
2464000 301.087 0.011046 6.03065
2468000 300.65 0.011046 6.03137
2472000 301.222 0.011046 6.07029
2476000 301.882 0.011046 6.10897
2480000 300.778 0.011046 6.00278
2484000 301.148 0.011046 6.1024
2488000 300.483 0.011046 5.9398
2492000 301.782 0.011046 6.0934
2496000 298.601 0.011046 6.11514
2500000 300.642 0.011046 6.06908
2504000 301.858 0.011046 5.92947
2508000 299.971 0.011046 5.99715
2512000 301.437 0.011046 6.11228
2516000 301.827 0.011046 5.96562
2520000 299.59 0.011046 6.16338
2524000 300.871 0.011046 5.9144
2528000 301.307 0.011046 6.17417
2532000 301.3 0.011046 5.88172
2536000 299.559 0.011046 5.97851
2540000 299.244 0.011046 5.97807
2544000 298.04 0.011046 6.00881
2548000 300.669 0.011046 6.06442
2552000 299.116 0.011046 5.94437
2556000 299.656 0.011046 5.91863
2560000 299.718 0.011046 5.92629
2564000 301.934 0.011046 6.03566
2568000 299.595 0.011046 6.01408
2572000 300.011 0.011046 6.08513
2576000 301.039 0.011046 6.08878
2580000 298.758 0.011046 5.91277
2584000 300.839 0.011046 5.98321
2588000 299.861 0.011046 6.14308
2592000 300.74 0.011046 5.94557
2596000 300.854 0.011046 5.95549
2600000 300.654 0.011046 6.15976
2604000 301.404 0.011046 6.03421
2608000 301.988 0.011046 6.10086
2612000 298.79 0.011046 6.07266
2616000 299.678 0.011046 6.07261
2620000 300.848 0.011046 5.97203
2624000 300.871 0.011046 5.98106
2628000 300.441 0.011046 6.09564
2632000 302.154 0.011046 6.06995
2636000 301.064 0.011046 6.04715
2640000 298.501 0.011046 5.95969
2644000 300.498 0.011046 5.98476
2648000 300.54 0.011046 5.98052
2652000 300.227 0.011046 6.07999
2656000 300.887 0.011046 6.05474
2660000 300.406 0.011046 5.96978
2664000 298.476 0.011046 5.99896
2668000 300.653 0.011046 6.04881
2672000 299.659 0.011046 6.09411
2676000 300.531 0.011046 6.15674
2680000 301.007 0.011046 5.75504
2684000 299.529 0.011046 6.08885
2688000 301.983 0.011046 6.02983
2692000 299.569 0.011046 5.94061
2696000 300.647 0.011046 6.3526
2700000 301.731 0.011046 6.14322
2704000 301.228 0.011046 6.04414
2708000 301.27 0.011046 5.94784
2712000 300.202 0.011046 6.31302
2716000 297.761 0.011046 5.82005
2720000 299.982 0.011046 6.05233
2724000 300.325 0.011046 5.96344
2728000 299.737 0.011046 5.81495
2732000 301.976 0.011046 6.11425
2736000 301.178 0.011046 6.07843
2740000 300.114 0.011046 5.96752
2744000 301.486 0.011046 6.08205
2748000 298.23 0.011046 5.97547
2752000 300.692 0.011046 6.01259
2756000 300.515 0.011046 5.93936
2760000 302.958 0.011046 6.14656
2764000 301.311 0.011046 6.02606
2768000 301.538 0.011046 6.04945
2772000 300.912 0.011046 6.0388
2776000 298.85 0.011046 6.12781
2780000 299.924 0.011046 6.03186
2784000 301.805 0.011046 6.09543
2788000 301.076 0.011046 5.92754
2792000 300.205 0.011046 5.96992
2796000 298.104 0.011046 6.12117
2800000 299.757 0.011046 6.03688
2804000 301.741 0.011046 6.05877
2808000 299.564 0.011046 6.0722
2812000 301.284 0.011046 6.00703
2816000 301.54 0.011046 5.94485
2820000 301.054 0.011046 5.7323
2824000 302.727 0.011046 5.95621
2828000 300.961 0.011046 6.15606
2832000 301.591 0.011046 6.02025
2836000 300.069 0.011046 6.16535
2840000 301.716 0.011046 5.94304
2844000 300.611 0.011046 6.11885
2848000 298.902 0.011046 5.82948
2852000 301.675 0.011046 6.08319
2856000 301.512 0.011046 6.05194
2860000 302.29 0.011046 6.22592
2864000 302.649 0.011046 6.0208
2868000 300.321 0.011046 6.0958
2872000 300.52 0.011046 6.12727
2876000 300.687 0.011046 5.99567
2880000 300.831 0.011046 6.0968
2884000 301.531 0.011046 6.12131
2888000 299.76 0.011046 6.034
2892000 298.43 0.011046 5.8311
2896000 299.47 0.011046 6.00775
2900000 301.786 0.011046 6.01583
2904000 299.423 0.011046 6.01293
2908000 300.424 0.011046 6.12186
2912000 302.254 0.011046 6.03913
2916000 300.127 0.011046 6.00089
2920000 300.091 0.011046 5.98416
2924000 301.695 0.011046 6.05233
2928000 301.201 0.011046 6.04201
2932000 300.917 0.011046 6.12974
2936000 302.428 0.011046 5.87689
2940000 299.55 0.011046 6.15197
2944000 299.219 0.011046 5.91154
2948000 299.575 0.011046 6.1473
2952000 300.035 0.011046 6.09288
2956000 299.83 0.011046 6.05648
2960000 301.675 0.011046 6.14111
2964000 299.404 0.011046 5.94511
2968000 301.367 0.011046 6.06285
2972000 300 0.011046 6.03715
2976000 303.347 0.011046 6.16985
2980000 300.05 0.011046 6.11794
2984000 297.399 0.011046 5.96356
2988000 300.443 0.011046 6.16336
2992000 299.926 0.011046 6.0982
2996000 299.844 0.011046 5.95038
3000000 300.635 0.011046 5.97097
3004000 299.342 0.011046 5.99985
3008000 300.376 0.011046 6.04744
3012000 301.126 0.011046 6.08083
3016000 298.679 0.011046 5.96165
3020000 300.749 0.011046 5.95042
3024000 300.057 0.011046 5.93329
3028000 299.832 0.011046 6.09213
3032000 301.08 0.011046 5.90942
3036000 300.098 0.011046 5.9404
3040000 299.566 0.011046 5.97385
3044000 300.597 0.011046 6.12386
3048000 299.595 0.011046 5.97217
3052000 301.689 0.011046 6.10842
3056000 302.747 0.011046 6.09027
3060000 300.93 0.011046 5.98783
3064000 301.128 0.011046 6.13265
3068000 302.291 0.011046 6.10734
3072000 299.382 0.011046 5.91468
3076000 299.95 0.011046 6.00739
3080000 299.234 0.011046 6.05105
3084000 301.387 0.011046 6.17838
3088000 300.625 0.011046 6.09588
3092000 300.187 0.011046 6.0212
3096000 299.808 0.011046 5.92394
3100000 300.73 0.011046 5.98718
3104000 300.733 0.011046 5.94065
3108000 301.61 0.011046 6.07713
3112000 300.446 0.011046 6.00112
3116000 300.289 0.011046 6.0519
3120000 300.215 0.011046 5.99511
3124000 301.54 0.011046 6.17658
3128000 300.685 0.011046 6.07723
3132000 299.36 0.011046 5.93674
3136000 300.452 0.011046 6.06517
3140000 297.856 0.011046 6.02379
3144000 299.124 0.011046 5.99501
3148000 298.688 0.011046 6.01902
3152000 299.56 0.011046 6.02999
3156000 299.74 0.011046 5.93584
3160000 299.969 0.011046 5.97894
3164000 300.073 0.011046 6.04945
3168000 300.877 0.011046 6.07291
3172000 298.52 0.011046 5.98072
3176000 301.237 0.011046 6.10255
3180000 301.306 0.011046 6.01675
3184000 302.157 0.011046 5.98771
3188000 302.086 0.011046 6.11851
3192000 300.21 0.011046 6.05669
3196000 300.1 0.011046 6.03373
3200000 299.155 0.011046 6.01228
3204000 302.071 0.011046 6.06885
3208000 300.545 0.011046 5.84097
3212000 300.882 0.011046 6.02879
3216000 302.506 0.011046 6.00633
3220000 300.564 0.011046 6.01074
3224000 299.807 0.011046 5.89676
3228000 299.657 0.011046 6.07237
3232000 301.701 0.011046 6.23761
3236000 301.241 0.011046 5.95743
3240000 299.69 0.011046 6.08519
3244000 300.33 0.011046 6.03811
3248000 299.61 0.011046 6.15509
3252000 300.024 0.011046 6.02069
3256000 301.423 0.011046 5.9476
3260000 297.229 0.011046 5.89896
3264000 299.842 0.011046 6.21889
3268000 300.007 0.011046 5.99684
3272000 300.596 0.011046 6.00793
3276000 300.322 0.011046 5.99107
3280000 299.939 0.011046 5.97403
3284000 302.018 0.011046 6.09242
3288000 300.657 0.011046 6.06612
3292000 300.315 0.011046 5.8785
3296000 300.508 0.011046 5.93859
3300000 300.639 0.011046 5.94073
3304000 301.089 0.011046 6.05565
3308000 299.75 0.011046 5.92954
3312000 300.224 0.011046 6.01093
3316000 301.789 0.011046 6.05158
3320000 301.211 0.011046 5.99063
3324000 299.999 0.011046 6.06721
3328000 302.107 0.011046 6.06581
3332000 299.712 0.011046 6.24131
3336000 300.37 0.011046 6.01689
3340000 301.121 0.011046 5.96833
3344000 300.554 0.011046 6.06617
3348000 299.57 0.011046 5.87296
3352000 300.461 0.011046 6.1165
3356000 300.639 0.011046 6.00807
3360000 301.3 0.011046 6.04147
3364000 299.183 0.011046 6.14991
3368000 300.118 0.011046 5.84467
3372000 299.553 0.011046 6.17809
3376000 302.403 0.011046 6.08711
3380000 299.848 0.011046 5.89332
3384000 299.073 0.011046 6.14879
3388000 302.064 0.011046 6.00414
3392000 299.409 0.011046 6.03374
3396000 300.722 0.011046 6.01835
3400000 301.971 0.011046 6.04626
3404000 301.161 0.011046 6.06485
3408000 300.629 0.011046 6.05887
3412000 299.903 0.011046 6.07225
3416000 300.493 0.011046 5.98878
3420000 299.72 0.011046 6.12284
3424000 300.65 0.011046 6.11363
3428000 299.449 0.011046 5.96585
3432000 301.074 0.011046 6.02043
3436000 300.107 0.011046 6.11375
3440000 301.16 0.011046 6.03239
3444000 300.863 0.011046 6.31269
3448000 298.569 0.011046 5.99115
3452000 302.432 0.011046 5.95094
3456000 300.346 0.011046 6.13309
3460000 298.451 0.011046 5.92279
3464000 300.424 0.011046 6.11759
3468000 303.486 0.011046 6.17717
3472000 300.891 0.011046 5.99462
3476000 300.678 0.011046 6.13114
3480000 300.204 0.011046 6.06026
3484000 300.026 0.011046 6.0837
3488000 300.29 0.011046 5.95236
3492000 300.158 0.011046 6.34702
3496000 300.199 0.011046 6.25775
3500000 301.395 0.011046 5.94632
3504000 301.646 0.011046 6.27229
3508000 300.737 0.011046 5.7315
3512000 299.216 0.011046 5.80875
3516000 300.441 0.011046 5.98065
3520000 299.404 0.011046 6.38569
3524000 297.864 0.011046 5.90584
3528000 298.938 0.011046 5.94718
3532000 301.542 0.011046 6.2032
3536000 299.591 0.011046 6.05543
3540000 300.289 0.011046 5.93463
3544000 300.142 0.011046 5.92495
3548000 298.803 0.011046 6.16438
3552000 301.742 0.011046 6.0634
3556000 300.902 0.011046 5.87735
3560000 300.484 0.011046 6.03589
3564000 300.089 0.011046 5.93083
3568000 299.172 0.011046 5.86625
3572000 298.78 0.011046 6.15153
3576000 300.159 0.011046 5.91134
3580000 299.88 0.011046 6.32989
3584000 299.978 0.011046 5.73833
3588000 300.967 0.011046 6.1172
3592000 299.677 0.011046 6.02084
3596000 300.195 0.011046 6.04864
3600000 300.091 0.011046 6.041
3604000 298.584 0.011046 6.0279
3608000 299.734 0.011046 5.96666
3612000 300.036 0.011046 5.77454
3616000 300.762 0.011046 6.01687
3620000 303.56 0.011046 6.12803
3624000 300.138 0.011046 6.08234
3628000 300.569 0.011046 5.93185
3632000 302.412 0.011046 6.03374
3636000 299.948 0.011046 6.12133
3640000 301.362 0.011046 6.12688
3644000 301.617 0.011046 6.20881
3648000 301.33 0.011046 5.96835
3652000 300.092 0.011046 6.21175
3656000 300.96 0.011046 5.89886
3660000 302.056 0.011046 6.21133
3664000 299.089 0.011046 5.86498
3668000 298.885 0.011046 5.96944
3672000 300.31 0.011046 6.07243
3676000 300.14 0.011046 5.98839
3680000 302.01 0.011046 6.01348
3684000 300.299 0.011046 6.11322
3688000 299.243 0.011046 6.14454
3692000 301.631 0.011046 6.01808
3696000 298.959 0.011046 6.04307
3700000 299.224 0.011046 6.15139
3704000 300.001 0.011046 5.71785
3708000 299.194 0.011046 6.22276
3712000 299.343 0.011046 6.09729
3716000 301.681 0.011046 6.08528
3720000 299.27 0.011046 6.056
3724000 301.254 0.011046 6.09136
3728000 301.813 0.011046 6.07167
3732000 300.644 0.011046 5.99993
3736000 301.572 0.011046 6.11524
3740000 300.296 0.011046 6.09805
3744000 298.793 0.011046 5.9028
3748000 300.145 0.011046 6.07927
3752000 301.338 0.011046 6.26745
3756000 299.864 0.011046 5.87363
3760000 301.099 0.011046 5.94336
3764000 299.645 0.011046 6.07652
3768000 298.691 0.011046 6.16084
3772000 299.926 0.011046 6.26159
3776000 302.288 0.011046 5.92997
3780000 299.965 0.011046 6.10458
3784000 300.894 0.011046 6.08416
3788000 301.418 0.011046 5.85623
3792000 301.894 0.011046 6.28885
3796000 300.766 0.011046 5.99354
3800000 300.412 0.011046 6.07679
3804000 300.123 0.011046 5.99948
3808000 300.628 0.011046 6.13393
3812000 301.328 0.011046 6.01576
3816000 301.352 0.011046 6.10356
3820000 299.601 0.011046 6.0407
3824000 301.638 0.011046 6.08695
3828000 301.075 0.011046 5.98854
3832000 301.666 0.011046 6.02697
3836000 300.459 0.011046 5.89738
3840000 301.137 0.011046 6.19043
3844000 299.984 0.011046 5.99738
3848000 299.315 0.011046 5.96019
3852000 299.399 0.011046 5.99339
3856000 299.934 0.011046 5.95203
3860000 299.529 0.011046 5.90712
3864000 300.256 0.011046 5.94801
3868000 299.431 0.011046 6.04045
3872000 300.021 0.011046 6.03303
3876000 301.286 0.011046 6.13133
3880000 300.636 0.011046 6.09189
3884000 298.811 0.011046 5.98295
3888000 300.636 0.011046 5.96887
3892000 300.928 0.011046 6.16264
3896000 301.732 0.011046 6.10754
3900000 301.097 0.011046 6.05976
3904000 300.718 0.011046 6.05912
3908000 299.887 0.011046 5.92029
3912000 298.146 0.011046 5.82076
3916000 299.829 0.011046 6.01107
3920000 299.335 0.011046 6.08841
3924000 300.485 0.011046 6.24308
3928000 298.606 0.011046 5.92097
3932000 300.935 0.011046 5.77075
3936000 302.098 0.011046 6.05368
3940000 299.005 0.011046 6.03967
3944000 300.469 0.011046 6.04867
3948000 298.602 0.011046 6.03943
3952000 299.392 0.011046 5.94885
3956000 299.489 0.011046 6.12429
3960000 301.015 0.011046 6.02347
3964000 300.095 0.011046 6.02185
3968000 300.113 0.011046 6.10801
3972000 298.478 0.011046 5.95934
3976000 300.703 0.011046 5.98009
3980000 299.261 0.011046 5.9905
3984000 302.546 0.011046 6.10931
3988000 300.201 0.011046 5.84649
3992000 298.716 0.011046 5.96387
3996000 300.268 0.011046 5.99547
4000000 300.784 0.011046 6.05104
