# Time-averaged data for fix mydat
# TimeStep v_mtmp v_mden v_mpre
4000 381.713 0.0315644 19.5042
8000 301.454 0.0315644 17.1546
12000 300.07 0.0315644 16.0395
16000 299.401 0.0315644 16.4795
20000 301.064 0.0315644 16.1317
24000 298.713 0.0315644 16.4084
28000 301.03 0.0315644 16.1879
32000 300.369 0.0315644 15.4847
36000 300.784 0.0315644 15.3984
40000 299.047 0.0315644 15.8101
44000 300.22 0.0315644 15.3052
48000 301.461 0.0315644 15.3241
52000 302.873 0.0315644 15.6346
56000 301.104 0.0315644 14.8798
60000 301.426 0.0315644 15.622
64000 301.184 0.0315644 16.2028
68000 300.088 0.0315644 15.1288
72000 300.491 0.0315644 15.6006
76000 300.175 0.0315644 14.914
80000 301.8 0.0315644 15.2601
84000 301.685 0.0315644 16.0786
88000 300.284 0.0315644 15.8001
92000 297.738 0.0315644 15.4323
96000 298.922 0.0315644 15.5199
100000 300.41 0.0315644 15.3527
104000 299.14 0.0315644 15.7526
108000 299.213 0.0315644 15.7626
112000 300.297 0.0315644 15.5135
116000 301.059 0.0315644 15.5022
120000 299.71 0.0315644 15.7711
124000 300.983 0.0315644 16.0154
128000 300.144 0.0315644 15.8598
132000 301.424 0.0315644 15.9027
136000 301.263 0.0315644 15.4142
140000 301.079 0.0315644 15.5493
144000 298.508 0.0315644 15.5608
148000 302.092 0.0315644 15.9301
152000 299.55 0.0315644 15.3868
156000 300.258 0.0315644 15.9441
160000 300.942 0.0315644 16.0163
164000 299.571 0.0315644 15.8634
168000 301.689 0.0315644 15.7328
172000 299.718 0.0315644 15.9384
176000 302.033 0.0315644 16.4475
180000 300.113 0.0315644 15.4282
184000 301.916 0.0315644 15.6846
188000 298.903 0.0315644 15.7589
192000 299.629 0.0315644 15.6758
196000 299.764 0.0315644 16.1422
200000 300.947 0.0315644 15.4101
204000 298.881 0.0315644 16.037
208000 299.559 0.0315644 16.0393
212000 302.228 0.0315644 16.2609
216000 299.952 0.0315644 16.1679
220000 300.086 0.0315644 15.7607
224000 299.405 0.0315644 15.9973
228000 299.63 0.0315644 16.1391
232000 299.979 0.0315644 16.5457
236000 300.939 0.0315644 16.3432
240000 299.325 0.0315644 16.4329
244000 300.167 0.0315644 16.5568
248000 301.054 0.0315644 16.7022
252000 301.123 0.0315644 16.6323
256000 298.459 0.0315644 16.4543
260000 302.409 0.0315644 16.8341
264000 299.403 0.0315644 16.5727
268000 299.698 0.0315644 16.1903
272000 298.934 0.0315644 16.1915
276000 302.036 0.0315644 17.1118
280000 300.87 0.0315644 16.0479
284000 301.486 0.0315644 16.2207
288000 301.417 0.0315644 16.6763
292000 299.913 0.0315644 16.191
296000 300.716 0.0315644 16.0878
300000 299.683 0.0315644 16.0059
304000 301.89 0.0315644 16.7484
308000 300.488 0.0315644 16.2853
312000 299.816 0.0315644 16.2502
316000 300.669 0.0315644 16.3093
320000 299.209 0.0315644 16.4539
324000 302.927 0.0315644 16.6574
328000 300.447 0.0315644 16.4303
332000 298.326 0.0315644 15.8839
336000 302.729 0.0315644 16.9128
340000 301.123 0.0315644 16.4828
344000 299.161 0.0315644 16.7992
348000 301.837 0.0315644 16.8978
352000 300.778 0.0315644 16.7088
356000 300.549 0.0315644 16.13
360000 301.995 0.0315644 16.7687
364000 300.636 0.0315644 16.6025
368000 298.982 0.0315644 16.5437
372000 301.813 0.0315644 16.4068
376000 300.575 0.0315644 16.274
380000 301.448 0.0315644 16.07
384000 300.01 0.0315644 16.5925
388000 300.76 0.0315644 16.1079
392000 301.18 0.0315644 15.9686
396000 301.234 0.0315644 16.3623
400000 299.531 0.0315644 16.5015
404000 300.62 0.0315644 16.5009
408000 301.41 0.0315644 16.0425
412000 300.022 0.0315644 16.4368
416000 299.491 0.0315644 16.7234
420000 299.609 0.0315644 16.3456
424000 300.226 0.0315644 15.9432
428000 299.413 0.0315644 16.0575
432000 300.539 0.0315644 16.8462
436000 299.757 0.0315644 16.3306
440000 297.479 0.0315644 15.623
444000 300.387 0.0315644 16.5659
448000 302.011 0.0315644 16.0858
452000 297.942 0.0315644 15.9359
456000 301.343 0.0315644 16.4021
460000 298.679 0.0315644 16.3658
464000 303.135 0.0315644 16.4284
468000 300.946 0.0315644 15.9724
472000 301.839 0.0315644 16.2134
476000 299.897 0.0315644 16.9288
480000 300.498 0.0315644 16.5847
484000 300.926 0.0315644 15.9648
488000 299.608 0.0315644 16.3988
492000 301.986 0.0315644 16.4242
496000 300.349 0.0315644 15.9285
500000 299.926 0.0315644 16.2687
504000 298.753 0.0315644 16.5306
508000 299.809 0.0315644 16.2699
512000 301.231 0.0315644 16.5487
516000 299.774 0.0315644 16.7458
520000 299.92 0.0315644 16.5093
524000 301.038 0.0315644 16.7456
528000 298.888 0.0315644 16.4762
532000 299.848 0.0315644 16.5571
536000 300.601 0.0315644 16.7057
540000 300.79 0.0315644 15.9001
544000 298.705 0.0315644 16.3205
548000 300.072 0.0315644 16.2825
552000 298.234 0.0315644 16.2201
556000 299.772 0.0315644 16.0126
560000 300.195 0.0315644 16.2898
564000 300.197 0.0315644 16.5463
568000 299.808 0.0315644 16.5215
572000 300.124 0.0315644 16.2792
576000 301.79 0.0315644 16.6108
580000 301.625 0.0315644 16.7165
584000 300.705 0.0315644 16.2257
588000 297.182 0.0315644 16.0949
592000 301.396 0.0315644 16.7997
596000 299.518 0.0315644 16.3394
600000 300.862 0.0315644 16.2613
604000 299.696 0.0315644 16.9237
608000 300.088 0.0315644 16.7932
612000 301.068 0.0315644 16.8633
616000 300.517 0.0315644 16.4275
620000 299.078 0.0315644 16.4526
624000 300.695 0.0315644 16.4106
628000 301.352 0.0315644 16.3429
632000 300.503 0.0315644 16.5112
636000 299.431 0.0315644 16.6741
640000 299.904 0.0315644 16.3066
644000 299.526 0.0315644 16.59
648000 299.282 0.0315644 16.5589
652000 300.27 0.0315644 16.6475
656000 302.298 0.0315644 16.3463
660000 300.357 0.0315644 16.2806
664000 301.25 0.0315644 16.558
668000 300.046 0.0315644 16.5392
672000 300.889 0.0315644 16.4349
676000 299.618 0.0315644 16.5102
680000 303.517 0.0315644 16.8841
684000 299.599 0.0315644 16.262
688000 301.454 0.0315644 16.5884
692000 300.694 0.0315644 16.1603
696000 301.535 0.0315644 16.4882
700000 300.015 0.0315644 16.1436
704000 301.279 0.0315644 16.4542
708000 300.918 0.0315644 16.2723
712000 300.176 0.0315644 16.2374
716000 299.012 0.0315644 16.014
720000 300.803 0.0315644 16.7246
724000 299.893 0.0315644 16.6899
728000 299.659 0.0315644 16.0444
732000 299.365 0.0315644 15.9416
736000 300.114 0.0315644 16.878
740000 300.976 0.0315644 16.531
744000 300.07 0.0315644 16.2024
748000 301.709 0.0315644 16.4776
752000 299.965 0.0315644 16.5381
756000 300.135 0.0315644 16.3675
760000 300.3 0.0315644 16.3989
764000 301.545 0.0315644 16.3253
768000 300.697 0.0315644 16.3862
772000 300.885 0.0315644 16.6503
776000 298.943 0.0315644 16.7982
780000 302.415 0.0315644 16.737
784000 301.644 0.0315644 16.131
788000 297.735 0.0315644 16.3123
792000 299.032 0.0315644 16.3649
796000 301.513 0.0315644 15.9241
800000 300.929 0.0315644 16.5331
804000 300.535 0.0315644 15.9774
808000 299.462 0.0315644 16.4622
812000 299.13 0.0315644 16.369
816000 300.777 0.0315644 16.3055
820000 300.843 0.0315644 16.4879
824000 299.853 0.0315644 16.102
828000 300.729 0.0315644 16.8783
832000 299.089 0.0315644 15.6419
836000 300.385 0.0315644 16.3616
840000 301.67 0.0315644 16.761
844000 299.972 0.0315644 16.0315
848000 301.528 0.0315644 16.8463
852000 300.969 0.0315644 16.8166
856000 300.186 0.0315644 16.8041
860000 300.952 0.0315644 16.1708
864000 299.973 0.0315644 16.9059
868000 298.685 0.0315644 16.0618
872000 300.647 0.0315644 16.6327
876000 299.481 0.0315644 16.6258
880000 301.13 0.0315644 17.1112
884000 301.014 0.0315644 16.6214
888000 302.125 0.0315644 16.418
892000 299.547 0.0315644 16.508
896000 301.517 0.0315644 16.8174
900000 299.411 0.0315644 16.1072
904000 301.477 0.0315644 16.6748
908000 302.126 0.0315644 16.1884
912000 300.04 0.0315644 16.4538
916000 300.509 0.0315644 16.5044
920000 300.916 0.0315644 17.2096
924000 298.326 0.0315644 16.1846
928000 301.653 0.0315644 16.701
932000 300.613 0.0315644 16.5337
936000 300.664 0.0315644 16.8483
940000 300.821 0.0315644 16.3922
944000 300.545 0.0315644 16.3968
948000 301.001 0.0315644 16.7293
952000 300.392 0.0315644 16.2871
956000 300.851 0.0315644 16.1472
960000 299.495 0.0315644 16.7954
964000 302.527 0.0315644 16.3137
968000 299.487 0.0315644 16.5706
972000 302.439 0.0315644 16.6961
976000 301.024 0.0315644 16.4284
980000 299.225 0.0315644 16.2434
984000 300.49 0.0315644 16.3821
988000 301.801 0.0315644 16.0271
992000 299.36 0.0315644 16.7774
996000 298.777 0.0315644 16.1392
1000000 297.739 0.0315644 16.1914
1004000 301.686 0.0315644 16.1749
1008000 300.201 0.0315644 16.4037
1012000 300.806 0.0315644 16.3928
1016000 302.107 0.0315644 16.1105
1020000 301.882 0.0315644 16.3599
1024000 300.06 0.0315644 16.4158
1028000 300.564 0.0315644 16.3651
1032000 300.99 0.0315644 16.8988
1036000 300.272 0.0315644 16.6947
1040000 299.144 0.0315644 16.1478
1044000 299.285 0.0315644 16.2889
1048000 300.919 0.0315644 16.201
1052000 299.492 0.0315644 16.1396
1056000 298.679 0.0315644 16.2443
1060000 302.148 0.0315644 16.1343
1064000 300.966 0.0315644 16.3686
1068000 301.252 0.0315644 16.4727
1072000 300.117 0.0315644 16.5412
1076000 301.024 0.0315644 16.0716
1080000 299.607 0.0315644 16.5659
1084000 301.514 0.0315644 16.8194
1088000 299.371 0.0315644 16.4994
1092000 300.774 0.0315644 16.1969
1096000 299.638 0.0315644 16.829
1100000 300.616 0.0315644 16.2545
1104000 301.06 0.0315644 16.1661
1108000 298.845 0.0315644 16.7818
1112000 301.446 0.0315644 16.1518
1116000 301.016 0.0315644 16.1773
1120000 301.311 0.0315644 16.8272
1124000 299.036 0.0315644 16.6885
1128000 300.06 0.0315644 16.8153
1132000 301.302 0.0315644 15.886
1136000 300.726 0.0315644 16.3807
1140000 300.084 0.0315644 15.8979
1144000 301.774 0.0315644 16.9839
1148000 301.906 0.0315644 16.3148
1152000 299.317 0.0315644 16.5869
1156000 301.652 0.0315644 15.9124
1160000 300.894 0.0315644 17.0709
1164000 300.478 0.0315644 16.4314
1168000 300.308 0.0315644 16.3208
1172000 301.038 0.0315644 16.5624
1176000 298.202 0.0315644 16.4131
1180000 299.598 0.0315644 16.3344
1184000 299.948 0.0315644 16.4934
1188000 301.26 0.0315644 16.5546
1192000 299.674 0.0315644 16.7978
1196000 299.37 0.0315644 16.2493
1200000 299.38 0.0315644 16.3573
1204000 299.575 0.0315644 16.2634
1208000 300.204 0.0315644 16.3882
1212000 300.039 0.0315644 16.4452
1216000 299.313 0.0315644 16.2018
1220000 299.924 0.0315644 16.2081
1224000 298.831 0.0315644 16.1114
1228000 299.806 0.0315644 16.7062
1232000 299.865 0.0315644 16.6431
1236000 301.168 0.0315644 16.1645
1240000 300.934 0.0315644 16.5099
1244000 300.492 0.0315644 16.4609
1248000 299.208 0.0315644 16.1588
1252000 299.716 0.0315644 16.0634
1256000 298.958 0.0315644 15.9475
1260000 298.603 0.0315644 15.869
1264000 299.349 0.0315644 16.7867
1268000 300.094 0.0315644 16.0786
1272000 299.04 0.0315644 16.5705
1276000 298.57 0.0315644 15.9917
1280000 301.315 0.0315644 16.5485
1284000 298.913 0.0315644 16.2083
1288000 299.885 0.0315644 16.6417
1292000 300.384 0.0315644 16.6234
1296000 299.923 0.0315644 15.9611
1300000 300.214 0.0315644 15.9562
1304000 300.323 0.0315644 16.487
1308000 300.079 0.0315644 16.5459
1312000 298.765 0.0315644 16.7044
1316000 300.156 0.0315644 16.4842
1320000 300.739 0.0315644 16.4289
1324000 301.073 0.0315644 16.3779
1328000 298.54 0.0315644 16.8532
1332000 299.452 0.0315644 16.4698
1336000 299.101 0.0315644 16.1099
1340000 300.511 0.0315644 16.6109
1344000 299.766 0.0315644 16.1943
1348000 300.011 0.0315644 16.9684
1352000 300.745 0.0315644 15.7963
1356000 298.439 0.0315644 15.7577
1360000 300.782 0.0315644 16.4711
1364000 301.882 0.0315644 16.6389
1368000 300.675 0.0315644 16.512
1372000 299.888 0.0315644 16.5505
1376000 298.002 0.0315644 16.211
1380000 300.563 0.0315644 16.3952
1384000 298.07 0.0315644 16.0972
1388000 300.442 0.0315644 16.3692
1392000 300.897 0.0315644 16.1503
1396000 299.648 0.0315644 16.1184
1400000 299.349 0.0315644 16.8566
1404000 299.744 0.0315644 16.1439
1408000 300.647 0.0315644 16.8596
1412000 300.131 0.0315644 16.5476
1416000 299.865 0.0315644 15.8985
1420000 299.812 0.0315644 16.4673
1424000 299.115 0.0315644 15.9363
1428000 301.436 0.0315644 16.2277
1432000 301.011 0.0315644 16.7259
1436000 302.114 0.0315644 16.5812
1440000 299.853 0.0315644 16.2382
1444000 300.398 0.0315644 16.24
1448000 300.765 0.0315644 16.4268
1452000 301.126 0.0315644 16.1376
1456000 299.931 0.0315644 16.6109
1460000 299.963 0.0315644 16.2478
1464000 299.839 0.0315644 16.5768
1468000 299.041 0.0315644 15.8849
1472000 298.829 0.0315644 16.5317
1476000 301.666 0.0315644 16.4682
1480000 301.652 0.0315644 16.5098
1484000 300.743 0.0315644 16.1408
1488000 300.757 0.0315644 16.6312
1492000 301.753 0.0315644 15.5336
1496000 300.777 0.0315644 15.8357
1500000 299.921 0.0315644 15.8294
1504000 300.25 0.0315644 16.2035
1508000 300.271 0.0315644 16.3545
1512000 298.96 0.0315644 16.174
1516000 300.051 0.0315644 16.4961
1520000 299.15 0.0315644 16.0873
1524000 298.103 0.0315644 15.9448
1528000 300.925 0.0315644 16.3231
1532000 298.987 0.0315644 16.1317
1536000 300.654 0.0315644 16.4829
1540000 298.032 0.0315644 16.4115
1544000 301.144 0.0315644 16.4104
1548000 298.982 0.0315644 16.1164
1552000 298.446 0.0315644 15.8072
1556000 301.371 0.0315644 16.6827
1560000 302.951 0.0315644 16.6419
1564000 299.305 0.0315644 16.6507
1568000 300.411 0.0315644 16.7619
1572000 298.962 0.0315644 16.1153
1576000 298.698 0.0315644 16.4026
1580000 300.008 0.0315644 16.1076
1584000 300.439 0.0315644 16.4718
1588000 301.646 0.0315644 16.4356
1592000 299.171 0.0315644 16.2866
1596000 301.621 0.0315644 16.7517
1600000 300.167 0.0315644 16.2535
1604000 301.601 0.0315644 17.0962
1608000 299.923 0.0315644 16.0791
1612000 301.243 0.0315644 16.0691
1616000 301.048 0.0315644 16.5326
1620000 300.741 0.0315644 16.2933
1624000 300.543 0.0315644 16.5381
1628000 299.82 0.0315644 16.2241
1632000 299.318 0.0315644 16.6221
1636000 299.919 0.0315644 16.5036
1640000 301.417 0.0315644 16.1692
1644000 301.433 0.0315644 16.504
1648000 299.237 0.0315644 16.1501
1652000 299.837 0.0315644 16.7087
1656000 301.635 0.0315644 16.9388
1660000 301.51 0.0315644 16.8349
1664000 300.321 0.0315644 16.3987
1668000 301.781 0.0315644 16.0404
1672000 299.163 0.0315644 16.3734
1676000 300.262 0.0315644 16.603
1680000 298.81 0.0315644 16.4815
1684000 300.356 0.0315644 16.6348
1688000 300.278 0.0315644 16.332
1692000 301.173 0.0315644 16.1944
1696000 301.203 0.0315644 16.4237
1700000 300.264 0.0315644 15.8313
1704000 298.57 0.0315644 16.1566
1708000 299.966 0.0315644 16.1677
1712000 298.74 0.0315644 16.3371
1716000 300.191 0.0315644 15.9245
1720000 301.973 0.0315644 16.3779
1724000 301.563 0.0315644 16.2618
1728000 299.83 0.0315644 16.8181
1732000 301.423 0.0315644 16.0282
1736000 301.86 0.0315644 16.8
1740000 300.918 0.0315644 16.5414
1744000 299.313 0.0315644 16.6282
1748000 298.497 0.0315644 16.6117
1752000 301.722 0.0315644 16.5041
1756000 301.802 0.0315644 16.315
1760000 301.072 0.0315644 16.3871
1764000 299.93 0.0315644 16.6631
1768000 301.466 0.0315644 16.7318
1772000 298.237 0.0315644 16.1337
1776000 300.452 0.0315644 16.4025
1780000 299.078 0.0315644 16.5859
1784000 297.103 0.0315644 15.9742
1788000 300.801 0.0315644 16.46
1792000 299.699 0.0315644 16.5261
1796000 299.804 0.0315644 16.4312
1800000 298.58 0.0315644 16.0214
1804000 299.624 0.0315644 15.8321
1808000 299.141 0.0315644 16.4612
1812000 301.034 0.0315644 16.489
1816000 299.476 0.0315644 16.4096
1820000 300.756 0.0315644 16.7151
1824000 299.141 0.0315644 16.733
1828000 301.337 0.0315644 16.2841
1832000 299.409 0.0315644 16.3966
1836000 300.321 0.0315644 16.6096
1840000 299.52 0.0315644 16.1464
1844000 299.627 0.0315644 16.5437
1848000 299.443 0.0315644 16.7301
1852000 300.818 0.0315644 16.3795
1856000 299.132 0.0315644 15.9813
1860000 300.2 0.0315644 16.1404
1864000 302.569 0.0315644 16.4513
1868000 300.693 0.0315644 16.6261
1872000 300.587 0.0315644 16.4744
1876000 300.009 0.0315644 16.9834
1880000 298.184 0.0315644 16.2317
1884000 300.484 0.0315644 16.0273
1888000 301.601 0.0315644 16.3099
1892000 300.271 0.0315644 16.6913
1896000 299.305 0.0315644 16.0337
1900000 299.796 0.0315644 15.9682
1904000 297.31 0.0315644 16.0685
1908000 299.377 0.0315644 16.8555
1912000 300.142 0.0315644 16.4098
1916000 300.275 0.0315644 16.3774
1920000 300.419 0.0315644 16.441
1924000 300.821 0.0315644 16.5477
1928000 301.118 0.0315644 16.6004
1932000 300.699 0.0315644 16.8229
1936000 298.736 0.0315644 16.6619
1940000 300.634 0.0315644 17.1743
1944000 298.91 0.0315644 16.2994
1948000 299.672 0.0315644 16.1066
1952000 300.057 0.0315644 15.9545
1956000 300.38 0.0315644 16.42
1960000 301.195 0.0315644 16.5421
1964000 300.546 0.0315644 16.5579
1968000 300.528 0.0315644 16.5024
1972000 300.508 0.0315644 16.3539
1976000 299.622 0.0315644 15.8087
1980000 298.738 0.0315644 16.1289
1984000 300.312 0.0315644 16.3999
1988000 299.159 0.0315644 16.3542
1992000 300.009 0.0315644 16.688
1996000 301.587 0.0315644 15.9514
2000000 300.342 0.0315644 16.4565
2004000 299.872 0.0315644 16.2862
2008000 301.749 0.0315644 15.7509
2012000 301.676 0.0315644 16.4513
2016000 301.047 0.0315644 16.5794
2020000 300.703 0.0315644 16.3078
2024000 301.639 0.0315644 16.6674
2028000 299.609 0.0315644 16.144
2032000 300.413 0.0315644 16.2283
2036000 299.308 0.0315644 16.3564
2040000 300.866 0.0315644 16.7962
2044000 301.832 0.0315644 15.943
2048000 300.529 0.0315644 16.5843
2052000 300.829 0.0315644 16.0811
2056000 299.982 0.0315644 16.1364
2060000 300.051 0.0315644 16.7165
2064000 300.212 0.0315644 16.245
2068000 301.494 0.0315644 17.1931
2072000 299.752 0.0315644 16.4303
2076000 299.863 0.0315644 16.2
2080000 301.295 0.0315644 16.7155
2084000 298.901 0.0315644 16.4205
2088000 298.744 0.0315644 16.1302
2092000 299.648 0.0315644 16.8495
2096000 299.417 0.0315644 17.0577
2100000 301.357 0.0315644 16.7712
2104000 299.571 0.0315644 16.3491
2108000 301.36 0.0315644 16.2771
2112000 301.061 0.0315644 16.0684
2116000 303.62 0.0315644 16.7389
2120000 300.798 0.0315644 15.9774
2124000 300.035 0.0315644 16.148
2128000 299.205 0.0315644 15.7772
2132000 300.398 0.0315644 16.2115
2136000 301.343 0.0315644 16.0682
2140000 299.878 0.0315644 16.7965
2144000 300.4 0.0315644 15.9425
2148000 301.676 0.0315644 16.1413
2152000 299.617 0.0315644 16.3738
2156000 299.773 0.0315644 16.0373
2160000 298.396 0.0315644 15.5543
2164000 300.387 0.0315644 16.4899
2168000 300.233 0.0315644 15.8394
2172000 301.479 0.0315644 16.6849
2176000 300.98 0.0315644 16.556
2180000 301.12 0.0315644 16.3632
2184000 301.561 0.0315644 16.7139
2188000 300.795 0.0315644 16.6764
2192000 300.4 0.0315644 16.3318
2196000 299.735 0.0315644 16.6768
2200000 300.698 0.0315644 16.034
2204000 299.445 0.0315644 16.1098
2208000 299.908 0.0315644 16.3902
2212000 299.127 0.0315644 16.5147
2216000 299.755 0.0315644 16.0361
2220000 299.487 0.0315644 16.3502
2224000 300.846 0.0315644 17.0607
2228000 299.513 0.0315644 16.3609
2232000 301.692 0.0315644 16.496
2236000 297.946 0.0315644 16.7557
2240000 300.419 0.0315644 17.2899
2244000 299.043 0.0315644 16.315
2248000 299.615 0.0315644 16.3437
2252000 298.601 0.0315644 16.25
2256000 300.025 0.0315644 16.0097
2260000 300.723 0.0315644 16.7203
2264000 300.143 0.0315644 15.8306
2268000 300.621 0.0315644 16.2008
2272000 300.463 0.0315644 16.4375
2276000 299.384 0.0315644 15.4446
2280000 299.97 0.0315644 16.75
2284000 301.077 0.0315644 15.9361
2288000 300.457 0.0315644 16.2368
2292000 299 0.0315644 16.241
2296000 300.338 0.0315644 16.5681
2300000 301.069 0.0315644 16.5346
2304000 301.594 0.0315644 16.6834
2308000 301.025 0.0315644 16.5821
2312000 299.696 0.0315644 16.4539
2316000 298.893 0.0315644 16.6642
2320000 301.992 0.0315644 16.683
2324000 300.851 0.0315644 16.2801
2328000 300.958 0.0315644 16.8999
2332000 301.872 0.0315644 16.8066
2336000 301.578 0.0315644 16.1643
2340000 301.466 0.0315644 17.0354
2344000 300.498 0.0315644 16.4736
2348000 301.563 0.0315644 16.4106
2352000 301.715 0.0315644 16.5245
2356000 298.265 0.0315644 16.1246
2360000 301.236 0.0315644 16.8555
2364000 300.214 0.0315644 16.3298
2368000 300.084 0.0315644 16.5734
2372000 301.544 0.0315644 16.7617
2376000 300.735 0.0315644 16.7063
2380000 298.381 0.0315644 15.8625
2384000 301.982 0.0315644 16.4269
2388000 297.578 0.0315644 16.7651
2392000 298.791 0.0315644 16.264
2396000 300.112 0.0315644 16.6663
2400000 298.985 0.0315644 15.3581
2404000 300.812 0.0315644 16.8908
2408000 300.7 0.0315644 16.2182
2412000 301.904 0.0315644 16.957
2416000 301.952 0.0315644 16.4913
2420000 300.619 0.0315644 16.6718
2424000 300.856 0.0315644 16.5245
2428000 299.877 0.0315644 16.4565
2432000 300.078 0.0315644 15.831
2436000 302.068 0.0315644 16.6547
2440000 299.411 0.0315644 16.4866
2444000 300.385 0.0315644 16.3177
2448000 302.364 0.0315644 16.5615
2452000 299.505 0.0315644 16.2364
2456000 300.661 0.0315644 16.2988
2460000 299.766 0.0315644 16.4316
2464000 301.261 0.0315644 16.6132
2468000 300.5 0.0315644 16.4811
2472000 300.846 0.0315644 16.2948
2476000 298.355 0.0315644 16.6989
2480000 300.142 0.0315644 16.3242
2484000 300.858 0.0315644 16.887
2488000 300.4 0.0315644 16.4167
2492000 299.234 0.0315644 17.0369
2496000 300.71 0.0315644 16.2518
2500000 299.752 0.0315644 17.0482
2504000 300.67 0.0315644 16.734
2508000 300.27 0.0315644 16.8533
2512000 301.121 0.0315644 16.4353
2516000 301.094 0.0315644 16.5476
2520000 299.878 0.0315644 16.3149
2524000 301.462 0.0315644 17.0805
2528000 300.621 0.0315644 16.3941
2532000 299.984 0.0315644 16.624
2536000 301.477 0.0315644 16.708
2540000 300.676 0.0315644 16.5005
2544000 300.976 0.0315644 16.2495
2548000 301.351 0.0315644 16.1264
2552000 300.851 0.0315644 16.5689
2556000 301.275 0.0315644 16.2931
2560000 301.257 0.0315644 16.6028
2564000 301.613 0.0315644 16.271
2568000 301.89 0.0315644 16.2867
2572000 301.371 0.0315644 16.4144
2576000 299.872 0.0315644 16.261
2580000 299.442 0.0315644 16.0691
2584000 300.481 0.0315644 16.1906
2588000 300.89 0.0315644 16.4199
2592000 300.479 0.0315644 16.1104
2596000 299.971 0.0315644 16.3969
2600000 299.366 0.0315644 16.2209
2604000 301.045 0.0315644 16.1803
2608000 300.36 0.0315644 16.5826
2612000 298.792 0.0315644 16.2931
2616000 299.165 0.0315644 16.2387
2620000 300.374 0.0315644 16.0559
2624000 301.984 0.0315644 16.7967
2628000 299.99 0.0315644 16.7412
2632000 301.456 0.0315644 16.2572
2636000 299.344 0.0315644 16.114
2640000 299.697 0.0315644 16.3226
2644000 300.998 0.0315644 16.8172
2648000 299.125 0.0315644 16.4236
2652000 298.653 0.0315644 16.2613
2656000 299.689 0.0315644 16.2377
2660000 298.884 0.0315644 16.207
2664000 300.296 0.0315644 16.067
2668000 298.922 0.0315644 16.1647
2672000 301.047 0.0315644 16.9755
2676000 300.062 0.0315644 16.172
2680000 301.38 0.0315644 15.67
2684000 299.769 0.0315644 16.1696
2688000 300.154 0.0315644 16.2686
2692000 299.526 0.0315644 16.1326
2696000 301.204 0.0315644 16.916
2700000 300.179 0.0315644 16.3849
2704000 301.944 0.0315644 16.6333
2708000 299.319 0.0315644 16.474
2712000 299.978 0.0315644 16.4689
2716000 299.423 0.0315644 16.3471
2720000 298.295 0.0315644 17.1585
2724000 301.477 0.0315644 15.7099
2728000 299.698 0.0315644 16.3291
2732000 300.172 0.0315644 16.9257
2736000 298.137 0.0315644 15.971
2740000 299.402 0.0315644 16.0658
2744000 301.09 0.0315644 16.6782
2748000 302.035 0.0315644 16.1896
2752000 299.181 0.0315644 15.8908
2756000 299.203 0.0315644 16.2194
2760000 301.149 0.0315644 16.5153
2764000 300.243 0.0315644 15.9676
2768000 299.995 0.0315644 16.2574
2772000 302.253 0.0315644 16.573
2776000 299.58 0.0315644 16.1457
2780000 300.058 0.0315644 16.8258
2784000 300.664 0.0315644 15.9037
2788000 300.776 0.0315644 16.8594
2792000 302.345 0.0315644 16.3614
2796000 299.85 0.0315644 16.2443
2800000 299.214 0.0315644 16.506
2804000 300.066 0.0315644 16.6513
2808000 302.347 0.0315644 16.9804
2812000 300.685 0.0315644 16.4256
2816000 301.897 0.0315644 16.2451
2820000 301.917 0.0315644 16.4288
2824000 300.149 0.0315644 16.6909
2828000 299.615 0.0315644 16.2169
2832000 302.303 0.0315644 16.5459
2836000 301.967 0.0315644 16.4484
2840000 300.028 0.0315644 16.4609
2844000 299.619 0.0315644 17.0884
2848000 301.381 0.0315644 16.3679
2852000 299.064 0.0315644 16.5947
2856000 300.592 0.0315644 16.1902
2860000 299.286 0.0315644 16.3005
2864000 299.84 0.0315644 16.842
2868000 301.643 0.0315644 16.9651
2872000 300.209 0.0315644 16.3839
2876000 300.733 0.0315644 16.658
2880000 300.036 0.0315644 16.3472
2884000 301.944 0.0315644 16.5477
2888000 302.176 0.0315644 17.048
2892000 301.036 0.0315644 16.2464
2896000 299.186 0.0315644 16.4206
2900000 299.861 0.0315644 16.4909
2904000 301.144 0.0315644 16.7895
2908000 300.23 0.0315644 16.6828
2912000 302.205 0.0315644 16.7301
2916000 301.076 0.0315644 16.5879
2920000 299.543 0.0315644 16.1111
2924000 300.52 0.0315644 16.567
2928000 301.897 0.0315644 16.0668
2932000 300.012 0.0315644 16.5172
2936000 301.753 0.0315644 16.6061
2940000 300.179 0.0315644 16.6513
2944000 299.861 0.0315644 16.1426
2948000 299.664 0.0315644 16.2693
2952000 299.818 0.0315644 16.4966
2956000 298.805 0.0315644 16.4789
2960000 301.006 0.0315644 16.3411
2964000 299.39 0.0315644 16.1216
2968000 298.495 0.0315644 16.4362
2972000 301.053 0.0315644 16.5841
2976000 299.738 0.0315644 16.4299
2980000 300.487 0.0315644 16.375
2984000 298.398 0.0315644 16.3927
2988000 300.113 0.0315644 16.5103
2992000 298.952 0.0315644 16.5011
2996000 298.667 0.0315644 15.6296
3000000 299.848 0.0315644 16.8985
3004000 297.316 0.0315644 16.5437
3008000 300.776 0.0315644 16.1899
3012000 301.227 0.0315644 16.5393
3016000 299.748 0.0315644 16.6782
3020000 299.795 0.0315644 16.0532
3024000 301.812 0.0315644 16.2438
3028000 300.822 0.0315644 16.6593
3032000 300.893 0.0315644 16.6628
3036000 301.208 0.0315644 16.5697
3040000 299.493 0.0315644 15.982
3044000 300.507 0.0315644 16.0172
3048000 299.892 0.0315644 16.5002
3052000 301.038 0.0315644 16.4496
3056000 304.07 0.0315644 16.7677
3060000 300.282 0.0315644 16.903
3064000 300.306 0.0315644 16.5679
3068000 301.645 0.0315644 16.2222
3072000 298.759 0.0315644 16.8457
3076000 300.031 0.0315644 16.4042
3080000 301.21 0.0315644 16.5349
3084000 301.739 0.0315644 16.1885
3088000 301.05 0.0315644 16.7805
3092000 299.675 0.0315644 16.4157
3096000 299.294 0.0315644 16.4234
3100000 300.808 0.0315644 16.4173
3104000 301.369 0.0315644 16.7259
3108000 300.244 0.0315644 16.46
3112000 300.242 0.0315644 16.2658
3116000 299.999 0.0315644 16.3648
3120000 300.674 0.0315644 16.5228
3124000 299.854 0.0315644 16.6935
3128000 300.4 0.0315644 16.5391
3132000 300.99 0.0315644 16.7305
3136000 300.286 0.0315644 16.9552
3140000 299.772 0.0315644 16.3696
3144000 300.405 0.0315644 16.2579
3148000 299.173 0.0315644 16.05
3152000 297.988 0.0315644 17.3039
3156000 299.437 0.0315644 16.4034
3160000 298.872 0.0315644 16.8033
3164000 299.151 0.0315644 16.9201
3168000 301.912 0.0315644 16.5812
3172000 300.959 0.0315644 16.534
3176000 301.116 0.0315644 16.2767
3180000 299.844 0.0315644 16.1649
3184000 300.395 0.0315644 16.2905
3188000 300.13 0.0315644 16.2933
3192000 299.546 0.0315644 16.6922
3196000 300.209 0.0315644 16.6508
3200000 299.116 0.0315644 16.4558
3204000 299.159 0.0315644 16.3909
3208000 299.716 0.0315644 16.5509
3212000 300.403 0.0315644 16.6646
3216000 299.352 0.0315644 16.4841
3220000 298.3 0.0315644 16.5854
3224000 302.656 0.0315644 16.5026
3228000 300.903 0.0315644 16.4369
3232000 301.384 0.0315644 16.1834
3236000 301.046 0.0315644 16.9106
3240000 301.361 0.0315644 16.1486
3244000 299.472 0.0315644 16.3791
3248000 301.352 0.0315644 16.3354
3252000 299.592 0.0315644 16.5305
3256000 299.758 0.0315644 16.1881
3260000 299.018 0.0315644 16.2701
3264000 298.911 0.0315644 17.006
3268000 302.256 0.0315644 16.5707
3272000 301.472 0.0315644 16.5161
3276000 300.958 0.0315644 16.9375
3280000 298.618 0.0315644 16.7988
3284000 301.013 0.0315644 16.3818
3288000 299.169 0.0315644 15.9914
3292000 301.139 0.0315644 17.0733
3296000 300.845 0.0315644 16.8167
3300000 301.864 0.0315644 16.3265
3304000 299.518 0.0315644 16.4192
3308000 300.247 0.0315644 17.2065
3312000 297.356 0.0315644 14.9885
3316000 299.896 0.0315644 17.2236
3320000 299.223 0.0315644 16.5902
3324000 300.993 0.0315644 16.6715
3328000 300.413 0.0315644 16.7088
3332000 300.461 0.0315644 16.124
3336000 301.488 0.0315644 17.0125
3340000 300.991 0.0315644 16.443
3344000 301.808 0.0315644 16.6054
3348000 300.259 0.0315644 16.5374
3352000 299.851 0.0315644 16.7106
3356000 300.229 0.0315644 16.3139
3360000 300.971 0.0315644 16.7198
3364000 300.113 0.0315644 16.3849
3368000 300.758 0.0315644 16.342
3372000 299.749 0.0315644 16.25
3376000 300.501 0.0315644 16.8195
3380000 301.438 0.0315644 16.1437
3384000 301.77 0.0315644 16.0865
3388000 298.72 0.0315644 15.8639
3392000 299.371 0.0315644 15.9293
3396000 300.238 0.0315644 16.1973
3400000 299.374 0.0315644 16.3777
3404000 300.936 0.0315644 16.434
3408000 300.092 0.0315644 16.5464
3412000 302.612 0.0315644 16.6487
3416000 299.106 0.0315644 16.1791
3420000 302.678 0.0315644 16.4482
3424000 301.821 0.0315644 17.0673
3428000 299.656 0.0315644 16.5568
3432000 299.505 0.0315644 16.3911
3436000 298.064 0.0315644 16.8011
3440000 300.083 0.0315644 16.2125
3444000 302.18 0.0315644 16.3304
3448000 301.12 0.0315644 16.4798
3452000 301.255 0.0315644 16.1506
3456000 299.269 0.0315644 16.2045
3460000 300.626 0.0315644 16.3169
3464000 298.498 0.0315644 16.5575
3468000 300.513 0.0315644 15.9581
3472000 300.484 0.0315644 16.4327
3476000 300.933 0.0315644 16.3149
3480000 299.858 0.0315644 16.3944
3484000 300.996 0.0315644 16.3773
3488000 301.564 0.0315644 16.4615
3492000 299.942 0.0315644 16.2141
3496000 299.844 0.0315644 16.5285
3500000 301.487 0.0315644 16.5504
3504000 300.944 0.0315644 16.4162
3508000 301.218 0.0315644 16.592
3512000 299.461 0.0315644 15.9583
3516000 301.507 0.0315644 16.5819
3520000 299.289 0.0315644 15.8731
3524000 299.705 0.0315644 16.3348
3528000 301.508 0.0315644 16.8483
3532000 300.317 0.0315644 15.9573
3536000 299.592 0.0315644 16.1995
3540000 300.584 0.0315644 16.5954
3544000 300.098 0.0315644 16.2397
3548000 300.822 0.0315644 16.4495
3552000 299.618 0.0315644 16.5501
3556000 300.089 0.0315644 16.0789
3560000 299.073 0.0315644 16.6548
3564000 301.47 0.0315644 16.7486
3568000 301.664 0.0315644 16.2716
3572000 298.146 0.0315644 15.9972
3576000 301.282 0.0315644 16.5922
3580000 300.646 0.0315644 16.318
3584000 301.699 0.0315644 16.4302
3588000 301.72 0.0315644 16.0579
3592000 301.713 0.0315644 16.238
3596000 300.985 0.0315644 16.3379
3600000 301.208 0.0315644 16.3807
3604000 299.877 0.0315644 16.4325
3608000 298.699 0.0315644 15.8379
3612000 299.688 0.0315644 16.3047
3616000 302.023 0.0315644 16.3618
3620000 298.903 0.0315644 16.1703
3624000 299.732 0.0315644 16.5969
3628000 299.117 0.0315644 16.3296
3632000 300.886 0.0315644 17.1568
3636000 300.255 0.0315644 16.3213
3640000 299.981 0.0315644 16.5134
3644000 302.36 0.0315644 16.918
3648000 299.598 0.0315644 16.6686
3652000 300.76 0.0315644 16.5484
3656000 300.362 0.0315644 16.2761
3660000 301.254 0.0315644 16.7675
3664000 301.915 0.0315644 16.1047
3668000 297.927 0.0315644 15.7249
3672000 302.147 0.0315644 16.198
3676000 300.951 0.0315644 17.077
3680000 299.989 0.0315644 16.0958
3684000 301.271 0.0315644 16.6882
3688000 300.245 0.0315644 16.1349
3692000 299.139 0.0315644 16.1811
3696000 299.319 0.0315644 16.1354
3700000 301.537 0.0315644 16.789
3704000 300.207 0.0315644 16.5037
3708000 301.239 0.0315644 16.9742
3712000 300.15 0.0315644 16.3634
3716000 300.47 0.0315644 15.6683
3720000 301.467 0.0315644 16.6911
3724000 300.17 0.0315644 16.0295
3728000 300.155 0.0315644 16.3456
3732000 302.657 0.0315644 16.6551
3736000 299.725 0.0315644 16.5197
3740000 299.192 0.0315644 16.3769
3744000 298.748 0.0315644 16.0436
3748000 300.34 0.0315644 16.199
3752000 301.002 0.0315644 16.4282
3756000 300.464 0.0315644 15.9513
3760000 300.863 0.0315644 16.7518
3764000 299.36 0.0315644 15.9618
3768000 301.664 0.0315644 16.8004
3772000 301.456 0.0315644 16.4975
3776000 300.792 0.0315644 16.6101
3780000 297.828 0.0315644 16.092
3784000 300.267 0.0315644 16.4283
3788000 301.864 0.0315644 16.4262
3792000 300.348 0.0315644 16.3185
3796000 302.402 0.0315644 16.4329
3800000 299.454 0.0315644 16.3471
3804000 301.781 0.0315644 16.2769
3808000 300.847 0.0315644 16.7093
3812000 299.477 0.0315644 16.5283
3816000 300.467 0.0315644 16.1886
3820000 299.713 0.0315644 16.076
3824000 300.734 0.0315644 16.7856
3828000 303.311 0.0315644 16.3534
3832000 299.614 0.0315644 16.4199
3836000 300.564 0.0315644 16.8804
3840000 299.605 0.0315644 16.473
3844000 300.228 0.0315644 15.6301
3848000 301.131 0.0315644 16.6954
3852000 300.885 0.0315644 15.9267
3856000 301.077 0.0315644 16.5465
3860000 299.855 0.0315644 16.5212
3864000 300.476 0.0315644 16.6439
3868000 301.525 0.0315644 16.8773
3872000 301.28 0.0315644 16.2771
3876000 301.001 0.0315644 16.9012
3880000 300.103 0.0315644 16.287
3884000 299.177 0.0315644 16.2831
3888000 298.653 0.0315644 16.2354
3892000 301.101 0.0315644 16.2098
3896000 300.201 0.0315644 16.4088
3900000 301.353 0.0315644 16.2997
3904000 299.708 0.0315644 16.0708
3908000 300.301 0.0315644 16.9824
3912000 299.645 0.0315644 15.9208
3916000 301.033 0.0315644 16.182
3920000 300.303 0.0315644 16.2871
3924000 301.126 0.0315644 16.087
3928000 298.913 0.0315644 16.0506
3932000 299.541 0.0315644 16.4264
3936000 301.002 0.0315644 16.4959
3940000 300.504 0.0315644 16.2624
3944000 298.115 0.0315644 16.1203
3948000 300.906 0.0315644 16.5505
3952000 299.999 0.0315644 16.69
3956000 302.805 0.0315644 16.1126
3960000 299.713 0.0315644 16.2553
3964000 299.699 0.0315644 16.2707
3968000 300.449 0.0315644 16.5291
3972000 301.475 0.0315644 16.5497
3976000 299.709 0.0315644 15.8107
3980000 300.208 0.0315644 16.4169
3984000 299.675 0.0315644 15.9769
3988000 301.621 0.0315644 15.7175
3992000 299.994 0.0315644 16.821
3996000 300.081 0.0315644 16.5546
4000000 301.167 0.0315644 16.1944
