# Time-averaged data for fix mydat
# TimeStep v_mtmp v_mden v_mpre
4000 373.141 0.0128972 6.46046
8000 300.699 0.0128972 7.19665
12000 300.74 0.0128972 6.7773
16000 299.936 0.0128972 6.79993
20000 301.632 0.0128972 7.18135
24000 301.711 0.0128972 7.00331
28000 301.719 0.0128972 6.85398
32000 300.703 0.0128972 6.91874
36000 299.711 0.0128972 6.68281
40000 300.642 0.0128972 6.92697
44000 301.89 0.0128972 6.79179
48000 299.585 0.0128972 6.82012
52000 300.183 0.0128972 6.66338
56000 300.343 0.0128972 6.65364
60000 299.129 0.0128972 6.77674
64000 301.379 0.0128972 6.91555
68000 301.221 0.0128972 6.66358
72000 299.317 0.0128972 6.58384
76000 299.497 0.0128972 7.05472
80000 299.881 0.0128972 6.79237
84000 299.454 0.0128972 6.73027
88000 299.672 0.0128972 6.50534
92000 300.575 0.0128972 6.79907
96000 300.166 0.0128972 6.5829
100000 299.457 0.0128972 6.73319
104000 301.651 0.0128972 6.6455
108000 299.834 0.0128972 6.71023
112000 300.902 0.0128972 6.61542
116000 301.837 0.0128972 6.6432
120000 301.352 0.0128972 6.51841
124000 300.218 0.0128972 6.72419
128000 299.657 0.0128972 6.66353
132000 300.042 0.0128972 6.59007
136000 301.06 0.0128972 6.44246
140000 301.321 0.0128972 6.59214
144000 302.094 0.0128972 6.52579
148000 300.71 0.0128972 6.61226
152000 300.082 0.0128972 6.6982
156000 300.161 0.0128972 6.62333
160000 299.694 0.0128972 6.60224
164000 299.537 0.0128972 6.71098
168000 299.59 0.0128972 6.51824
172000 299.25 0.0128972 6.38892
176000 300.571 0.0128972 6.61547
180000 301.6 0.0128972 6.7269
184000 301.258 0.0128972 6.45752
188000 300.781 0.0128972 6.57328
192000 300.488 0.0128972 6.48396
196000 300.853 0.0128972 6.59542
200000 299.688 0.0128972 6.44089
204000 300.53 0.0128972 6.72788
208000 302.114 0.0128972 6.66288
212000 300.528 0.0128972 6.59852
216000 301.548 0.0128972 6.52023
220000 300.323 0.0128972 6.73341
224000 300.334 0.0128972 6.88705
228000 298.616 0.0128972 6.58899
232000 299.722 0.0128972 6.58248
236000 299.019 0.0128972 6.73902
240000 300.502 0.0128972 6.73427
244000 301.023 0.0128972 6.83973
248000 300.622 0.0128972 6.77969
252000 300.31 0.0128972 6.60839
256000 299.444 0.0128972 6.86804
260000 299.727 0.0128972 6.70219
264000 300.46 0.0128972 6.79925
268000 300.259 0.0128972 6.71164
272000 300.611 0.0128972 6.79818
276000 300.965 0.0128972 6.72311
280000 300.712 0.0128972 6.99845
284000 300.614 0.0128972 6.74832
288000 299.403 0.0128972 6.79666
292000 301.032 0.0128972 6.87348
296000 300.141 0.0128972 6.75962
300000 301.414 0.0128972 6.92782
304000 300.153 0.0128972 6.72215
308000 301.266 0.0128972 6.89774
312000 300.236 0.0128972 6.69175
316000 299.565 0.0128972 6.86131
320000 299.067 0.0128972 6.74902
324000 299.909 0.0128972 6.90942
328000 299.379 0.0128972 6.61484
332000 299.713 0.0128972 6.92545
336000 301.842 0.0128972 6.77919
340000 298.843 0.0128972 6.67765
344000 298.921 0.0128972 6.92304
348000 300.205 0.0128972 6.98003
352000 300.008 0.0128972 6.9299
356000 302.408 0.0128972 7.02938
360000 301.531 0.0128972 6.83892
364000 300.553 0.0128972 7.06085
368000 301.251 0.0128972 6.95797
372000 299.284 0.0128972 6.74469
376000 300.847 0.0128972 6.99298
380000 301.303 0.0128972 7.06187
384000 301.556 0.0128972 6.91037
388000 299.662 0.0128972 6.76058
392000 301.164 0.0128972 7.20347
396000 301.324 0.0128972 6.94293
400000 301.492 0.0128972 6.71926
404000 300.306 0.0128972 6.925
408000 297.283 0.0128972 6.73673
412000 300.7 0.0128972 6.84495
416000 300.566 0.0128972 6.95608
420000 300.062 0.0128972 7.07006
424000 299.834 0.0128972 7.02877
428000 299.636 0.0128972 6.70003
432000 299.055 0.0128972 6.77924
436000 299.018 0.0128972 6.9388
440000 299.367 0.0128972 6.83062
444000 299.552 0.0128972 6.87381
448000 300.561 0.0128972 6.91233
452000 300.896 0.0128972 6.88542
456000 301.376 0.0128972 6.96113
460000 300.179 0.0128972 6.99532
464000 299.801 0.0128972 6.99248
468000 300.671 0.0128972 6.85012
472000 298.787 0.0128972 7.07913
476000 301.52 0.0128972 6.93296
480000 300.873 0.0128972 6.86076
484000 301.135 0.0128972 7.12196
488000 300.105 0.0128972 7.02949
492000 299.615 0.0128972 6.83002
496000 298.456 0.0128972 7.0032
500000 300.706 0.0128972 6.97917
504000 302.573 0.0128972 6.94463
508000 300.272 0.0128972 6.95265
512000 300.407 0.0128972 6.80873
516000 301.299 0.0128972 6.81924
520000 299.385 0.0128972 6.98375
524000 300.163 0.0128972 6.93357
528000 300.735 0.0128972 6.94391
532000 301.062 0.0128972 7.08446
536000 301.833 0.0128972 6.88212
540000 301.01 0.0128972 6.94944
544000 300.161 0.0128972 6.85427
548000 301.316 0.0128972 6.98789
552000 298.63 0.0128972 7.17791
556000 299.691 0.0128972 6.98692
560000 300.585 0.0128972 6.96006
564000 300.713 0.0128972 6.93205
568000 298.584 0.0128972 6.90194
572000 302.179 0.0128972 7.07992
576000 300.98 0.0128972 7.02488
580000 298.602 0.0128972 6.93624
584000 299.88 0.0128972 7.00352
588000 298.635 0.0128972 7.10964
592000 300.618 0.0128972 6.92508
596000 300.782 0.0128972 6.94766
600000 301.4 0.0128972 6.93657
604000 302.309 0.0128972 7.14635
608000 300.747 0.0128972 7.08078
612000 299.545 0.0128972 7.12374
616000 300.596 0.0128972 6.99162
620000 301.402 0.0128972 6.98182
624000 300.078 0.0128972 7.08731
628000 301.397 0.0128972 6.99304
632000 298.289 0.0128972 7.08231
636000 299.639 0.0128972 7.02122
640000 299.514 0.0128972 6.95317
644000 299.533 0.0128972 6.82786
648000 302.354 0.0128972 6.9714
652000 300.208 0.0128972 6.82974
656000 302.701 0.0128972 7.19895
660000 299.8 0.0128972 7.12837
664000 301.836 0.0128972 6.98667
668000 301.326 0.0128972 6.93064
672000 300.408 0.0128972 7.09926
676000 300.946 0.0128972 6.92909
680000 301.227 0.0128972 6.91119
684000 299.26 0.0128972 6.919
688000 300.82 0.0128972 7.0638
692000 300.375 0.0128972 6.86208
696000 301.126 0.0128972 7.09934
700000 300.837 0.0128972 7.08149
704000 298.949 0.0128972 7.04598
708000 300.198 0.0128972 7.16688
712000 300.235 0.0128972 6.90725
716000 299.259 0.0128972 6.98809
720000 298.699 0.0128972 7.02843
724000 299.103 0.0128972 6.98663
728000 301.652 0.0128972 7.27923
732000 299.381 0.0128972 6.85385
736000 300.807 0.0128972 7.06696
740000 301.719 0.0128972 7.00122
744000 301.283 0.0128972 6.96882
748000 300.79 0.0128972 7.02172
752000 301.819 0.0128972 7.03835
756000 300.238 0.0128972 6.97983
760000 299.111 0.0128972 7.01448
764000 300.004 0.0128972 7.03646
768000 299.61 0.0128972 7.15989
772000 300.478 0.0128972 6.92399
776000 301.255 0.0128972 6.94611
780000 300.153 0.0128972 7.06945
784000 301.652 0.0128972 7.02343
788000 300.846 0.0128972 7.08319
792000 300.143 0.0128972 7.07661
796000 301.068 0.0128972 6.98909
800000 300.302 0.0128972 6.99988
804000 303.661 0.0128972 7.22476
808000 299.132 0.0128972 7.04945
812000 300.704 0.0128972 6.98188
816000 300.623 0.0128972 6.96783
820000 301.255 0.0128972 6.95865
824000 301.717 0.0128972 7.04336
828000 300.089 0.0128972 6.98243
832000 299.747 0.0128972 7.0134
836000 299.717 0.0128972 6.92623
840000 299.266 0.0128972 6.96315
844000 299.6 0.0128972 7.06588
848000 300.054 0.0128972 7.02244
852000 299.588 0.0128972 6.97674
856000 300.889 0.0128972 6.94579
860000 300.144 0.0128972 6.98379
864000 299.657 0.0128972 6.83769
868000 300.224 0.0128972 7.0489
872000 300.311 0.0128972 6.87741
876000 299.935 0.0128972 6.9963
880000 300.146 0.0128972 6.97021
884000 299.698 0.0128972 7.07209
888000 299.586 0.0128972 7.03735
892000 298.918 0.0128972 7.02997
896000 299.889 0.0128972 6.96245
900000 298.902 0.0128972 6.90825
904000 300.947 0.0128972 7.18366
908000 300.388 0.0128972 6.98297
912000 302.061 0.0128972 6.98948
916000 299.975 0.0128972 6.89921
920000 299.894 0.0128972 6.95613
924000 303.55 0.0128972 7.11247
928000 298.872 0.0128972 7.08126
932000 300.006 0.0128972 6.89169
936000 300.548 0.0128972 7.10611
940000 302.071 0.0128972 6.95388
944000 301.539 0.0128972 6.86715
948000 301.727 0.0128972 7.10737
952000 301.382 0.0128972 7.03185
956000 300.899 0.0128972 7.08082
960000 302.575 0.0128972 7.11173
964000 301.281 0.0128972 7.0506
968000 298.614 0.0128972 7.10966
972000 301.265 0.0128972 7.16071
976000 299.98 0.0128972 6.92325
980000 299.051 0.0128972 7.04768
984000 299.31 0.0128972 7.0213
988000 297.467 0.0128972 6.95393
992000 300.486 0.0128972 7.0426
996000 302.823 0.0128972 7.00757
1000000 300.974 0.0128972 6.99702
1004000 298.293 0.0128972 6.94492
1008000 300.579 0.0128972 7.04796
1012000 300.177 0.0128972 7.05028
1016000 299.42 0.0128972 7.0274
1020000 299.05 0.0128972 7.06908
1024000 301.521 0.0128972 7.01319
1028000 300.284 0.0128972 6.97547
1032000 301.374 0.0128972 7.10535
1036000 299.901 0.0128972 6.8108
1040000 299.816 0.0128972 6.95416
1044000 301.96 0.0128972 6.96601
1048000 300.521 0.0128972 7.28098
1052000 300.688 0.0128972 6.88315
1056000 300.646 0.0128972 6.92022
1060000 298.713 0.0128972 6.85441
1064000 298.61 0.0128972 6.99407
1068000 300.386 0.0128972 7.01453
1072000 300.261 0.0128972 6.91044
1076000 299.932 0.0128972 7.14664
1080000 300.965 0.0128972 7.03849
1084000 300.131 0.0128972 6.99992
1088000 300.298 0.0128972 7.10184
1092000 301.639 0.0128972 7.02412
1096000 299.188 0.0128972 7.06841
1100000 301.026 0.0128972 7.08147
1104000 300.703 0.0128972 7.12182
1108000 302.487 0.0128972 7.07458
1112000 300.111 0.0128972 6.89051
1116000 300.438 0.0128972 6.80767
1120000 302.379 0.0128972 7.36127
1124000 299.744 0.0128972 7.12117
1128000 298.015 0.0128972 6.90336
1132000 301.965 0.0128972 7.06442
1136000 300.051 0.0128972 7.04197
1140000 299.324 0.0128972 6.86562
1144000 300.302 0.0128972 7.08634
1148000 299.017 0.0128972 7.18625
1152000 300.255 0.0128972 7.09488
1156000 300.171 0.0128972 6.81814
1160000 299.39 0.0128972 7.08833
1164000 301.444 0.0128972 6.94177
1168000 299.809 0.0128972 6.97154
1172000 300.166 0.0128972 6.97609
1176000 299.057 0.0128972 6.93897
1180000 299.914 0.0128972 6.89026
1184000 300.554 0.0128972 7.08222
1188000 298.521 0.0128972 6.78832
1192000 300.926 0.0128972 7.13539
1196000 300.079 0.0128972 7.00224
1200000 301.971 0.0128972 7.11788
1204000 299.557 0.0128972 6.92113
1208000 298.786 0.0128972 7.18596
1212000 302.82 0.0128972 7.28781
1216000 299.621 0.0128972 6.88829
1220000 299.793 0.0128972 6.88898
1224000 299.507 0.0128972 6.67995
1228000 300.434 0.0128972 7.16874
1232000 299.633 0.0128972 6.90017
1236000 300.627 0.0128972 7.02347
1240000 301.343 0.0128972 6.81235
1244000 300.524 0.0128972 7.0502
1248000 302.588 0.0128972 6.96587
1252000 299.784 0.0128972 6.80293
1256000 300.267 0.0128972 7.14034
1260000 299.45 0.0128972 7.04933
1264000 300.31 0.0128972 7.03271
1268000 300.366 0.0128972 6.94186
1272000 300.952 0.0128972 7.04051
1276000 300.533 0.0128972 6.8337
1280000 299.439 0.0128972 7.16084
1284000 298.326 0.0128972 6.7392
1288000 299.295 0.0128972 7.08319
1292000 298.648 0.0128972 6.68246
1296000 299.181 0.0128972 7.10432
1300000 300.328 0.0128972 7.01879
1304000 300.767 0.0128972 6.85446
1308000 300.88 0.0128972 6.91643
1312000 301.538 0.0128972 6.96488
1316000 300.577 0.0128972 6.93518
1320000 300.438 0.0128972 7.17636
1324000 300.417 0.0128972 7.06902
1328000 301.593 0.0128972 6.99477
1332000 299.48 0.0128972 6.90887
1336000 301.027 0.0128972 7.15192
1340000 299.274 0.0128972 6.84707
1344000 301.916 0.0128972 6.97888
1348000 300.508 0.0128972 6.99952
1352000 300 0.0128972 6.95427
1356000 300.203 0.0128972 7.05102
1360000 300.175 0.0128972 6.9436
1364000 300.75 0.0128972 6.86788
1368000 300.579 0.0128972 7.00586
1372000 300.421 0.0128972 6.96368
1376000 299.981 0.0128972 7.01904
1380000 300.614 0.0128972 6.86438
1384000 300.332 0.0128972 7.21703
1388000 299.648 0.0128972 6.89546
1392000 300.247 0.0128972 6.94117
1396000 300.512 0.0128972 7.15674
1400000 300.496 0.0128972 7.16553
1404000 300.412 0.0128972 7.12352
1408000 300.105 0.0128972 6.88602
1412000 301.461 0.0128972 6.91842
1416000 301.511 0.0128972 7.00506
1420000 299.144 0.0128972 6.9184
1424000 298.853 0.0128972 6.83665
1428000 301.38 0.0128972 6.98563
1432000 298.381 0.0128972 6.98409
1436000 299.023 0.0128972 6.99084
1440000 299.738 0.0128972 7.05896
1444000 299.063 0.0128972 6.93765
1448000 301.282 0.0128972 6.98361
1452000 300.768 0.0128972 7.0148
1456000 300.591 0.0128972 6.99772
1460000 300.77 0.0128972 6.9814
1464000 299.67 0.0128972 7.01204
1468000 301.373 0.0128972 7.06453
1472000 300.275 0.0128972 6.90958
1476000 301.166 0.0128972 7.13623
1480000 300.305 0.0128972 6.95825
1484000 300.471 0.0128972 7.00358
1488000 300.02 0.0128972 6.98665
1492000 299.322 0.0128972 7.15672
1496000 299.497 0.0128972 6.76937
1500000 299.765 0.0128972 6.96236
1504000 300.174 0.0128972 7.03785
1508000 300.351 0.0128972 7.05724
1512000 301.24 0.0128972 6.89766
1516000 302.1 0.0128972 6.98838
1520000 300.943 0.0128972 7.18613
1524000 297.966 0.0128972 6.97427
1528000 301.008 0.0128972 7.00816
1532000 301.597 0.0128972 7.08103
1536000 300.736 0.0128972 7.10388
1540000 298.982 0.0128972 6.90707
1544000 299.98 0.0128972 7.11845
1548000 300.675 0.0128972 6.96959
1552000 300.772 0.0128972 6.8959
1556000 299.37 0.0128972 7.03047
1560000 301.189 0.0128972 6.83901
1564000 300.721 0.0128972 7.06854
1568000 301.031 0.0128972 7.10239
1572000 299.751 0.0128972 6.96216
1576000 300.866 0.0128972 6.94722
1580000 302.346 0.0128972 6.91119
1584000 300.298 0.0128972 7.11831
1588000 299.864 0.0128972 6.8614
1592000 300.711 0.0128972 7.04044
1596000 301.284 0.0128972 6.97801
1600000 300.803 0.0128972 7.15027
1604000 301.706 0.0128972 6.91346
1608000 301.692 0.0128972 7.05036
1612000 301.049 0.0128972 7.0307
1616000 299.977 0.0128972 6.98707
1620000 298.958 0.0128972 7.07773
1624000 300.643 0.0128972 7.04979
1628000 301.905 0.0128972 6.93234
1632000 299.936 0.0128972 6.93963
1636000 299.71 0.0128972 7.09912
1640000 302.918 0.0128972 6.94531
1644000 300.318 0.0128972 6.97655
1648000 298.156 0.0128972 6.91362
1652000 301.813 0.0128972 6.82783
1656000 299.814 0.0128972 7.25085
1660000 298.876 0.0128972 7.0217
1664000 297.7 0.0128972 6.99643
1668000 300.627 0.0128972 7.06098
1672000 300.292 0.0128972 7.14997
1676000 299.884 0.0128972 6.97481
1680000 300.533 0.0128972 7.00531
1684000 300.059 0.0128972 7.01429
1688000 299.939 0.0128972 7.0076
1692000 300.968 0.0128972 7.09615
1696000 300.249 0.0128972 7.09889
1700000 299.877 0.0128972 7.13362
1704000 303.4 0.0128972 7.02347
1708000 299.365 0.0128972 6.84395
1712000 299.499 0.0128972 6.9941
1716000 302.225 0.0128972 6.87894
1720000 300.925 0.0128972 6.97518
1724000 300.431 0.0128972 6.70465
1728000 300.13 0.0128972 7.03554
1732000 300.942 0.0128972 6.92425
1736000 299.509 0.0128972 7.12202
1740000 299.986 0.0128972 6.88927
1744000 300.528 0.0128972 7.05515
1748000 301.266 0.0128972 7.19068
1752000 300.577 0.0128972 6.92347
1756000 299.59 0.0128972 7.03514
1760000 300.011 0.0128972 6.90296
1764000 299.75 0.0128972 7.11649
1768000 299.722 0.0128972 6.92548
1772000 299.211 0.0128972 6.83912
1776000 299.235 0.0128972 6.87417
1780000 301.321 0.0128972 6.9999
1784000 298.783 0.0128972 6.89436
1788000 300.63 0.0128972 6.95213
1792000 300.549 0.0128972 6.76915
1796000 302.258 0.0128972 7.2688
1800000 300.365 0.0128972 7.14091
1804000 302.465 0.0128972 6.89161
1808000 300.495 0.0128972 6.88731
1812000 301.417 0.0128972 7.03607
1816000 301.269 0.0128972 7.12202
1820000 299.505 0.0128972 7.11912
1824000 300.156 0.0128972 7.01747
1828000 299.554 0.0128972 6.95482
1832000 299.032 0.0128972 6.79475
1836000 301.121 0.0128972 6.97785
1840000 299.057 0.0128972 6.86431
1844000 300.143 0.0128972 7.0622
1848000 300.932 0.0128972 7.00459
1852000 298.672 0.0128972 7.04569
1856000 299.173 0.0128972 6.88707
1860000 300.958 0.0128972 7.10322
1864000 300.612 0.0128972 7.07227
1868000 300.202 0.0128972 6.97686
1872000 300.072 0.0128972 7.19165
1876000 302.857 0.0128972 6.99507
1880000 301.757 0.0128972 7.06182
1884000 301.298 0.0128972 6.84992
1888000 301.567 0.0128972 7.15049
1892000 299.126 0.0128972 7.07013
1896000 299.48 0.0128972 6.86129
1900000 299.714 0.0128972 7.01794
1904000 302.168 0.0128972 7.11177
1908000 300.203 0.0128972 7.11468
1912000 300.628 0.0128972 7.00267
1916000 300.755 0.0128972 7.21345
1920000 301.524 0.0128972 6.79042
1924000 299.738 0.0128972 7.2617
1928000 299.785 0.0128972 6.9949
1932000 301.813 0.0128972 6.9754
1936000 300.774 0.0128972 7.03995
1940000 300.686 0.0128972 6.99733
1944000 299.431 0.0128972 7.14615
1948000 299.347 0.0128972 6.88586
1952000 300.669 0.0128972 7.01112
1956000 300.404 0.0128972 7.07964
1960000 298.431 0.0128972 6.99865
1964000 301.75 0.0128972 7.08036
1968000 300.463 0.0128972 7.00398
1972000 300.561 0.0128972 6.89844
1976000 299.628 0.0128972 7.06812
1980000 298.475 0.0128972 6.78511
1984000 298.565 0.0128972 7.02945
1988000 299.489 0.0128972 6.98801
1992000 301.216 0.0128972 7.00017
1996000 300.073 0.0128972 7.10421
2000000 300.661 0.0128972 6.83767
2004000 299.681 0.0128972 7.10422
2008000 299.73 0.0128972 6.69164
2012000 300.762 0.0128972 6.96072
2016000 299.395 0.0128972 6.88753
2020000 300.028 0.0128972 6.92595
2024000 301.021 0.0128972 7.09396
2028000 302.028 0.0128972 7.07473
2032000 300.347 0.0128972 6.98472
2036000 299.636 0.0128972 6.94481
2040000 300.26 0.0128972 6.84882
2044000 299.71 0.0128972 7.0943
2048000 299.905 0.0128972 7.03157
2052000 301.429 0.0128972 7.05415
2056000 300.67 0.0128972 7.24823
2060000 300.909 0.0128972 7.13831
2064000 300.253 0.0128972 6.95211
2068000 298.626 0.0128972 7.02999
2072000 300.393 0.0128972 7.04969
2076000 300.848 0.0128972 6.97935
2080000 299.95 0.0128972 6.97485
2084000 299.467 0.0128972 7.02857
2088000 300.496 0.0128972 6.97943
2092000 298.479 0.0128972 6.79818
2096000 300.378 0.0128972 7.27089
2100000 301.583 0.0128972 6.85277
2104000 300.553 0.0128972 7.09803
2108000 301.418 0.0128972 6.95828
2112000 299.618 0.0128972 7.04399
2116000 298.473 0.0128972 6.78451
2120000 300.207 0.0128972 7.01598
2124000 299.897 0.0128972 7.03767
2128000 301.471 0.0128972 6.96832
2132000 299.542 0.0128972 6.76446
2136000 300.311 0.0128972 6.9873
2140000 300.293 0.0128972 7.00508
2144000 300.801 0.0128972 7.06108
2148000 300.459 0.0128972 6.94228
2152000 301.002 0.0128972 7.02298
2156000 301.489 0.0128972 6.96209
2160000 300.18 0.0128972 7.23578
2164000 300.031 0.0128972 6.99008
2168000 300.166 0.0128972 7.12376
2172000 299.89 0.0128972 6.94704
2176000 300.928 0.0128972 6.90963
2180000 299.194 0.0128972 7.02771
2184000 299.806 0.0128972 7.05218
2188000 299.41 0.0128972 6.99024
2192000 297.965 0.0128972 6.90797
2196000 299.404 0.0128972 7.04623
2200000 299.148 0.0128972 7.10159
2204000 300.986 0.0128972 7.19018
2208000 300.924 0.0128972 7.08319
2212000 299.375 0.0128972 6.97753
2216000 299.911 0.0128972 7.04939
2220000 301.331 0.0128972 7.1511
2224000 300.921 0.0128972 7.0147
2228000 301.893 0.0128972 7.01908
2232000 300.33 0.0128972 6.93598
2236000 299.842 0.0128972 6.87568
2240000 300.593 0.0128972 6.94202
2244000 300.555 0.0128972 6.84034
2248000 297.969 0.0128972 6.982
2252000 301.095 0.0128972 6.92802
2256000 300.197 0.0128972 6.87529
2260000 301.881 0.0128972 6.8344
2264000 301.033 0.0128972 7.01655
2268000 297.629 0.0128972 6.98834
2272000 301.572 0.0128972 7.00033
2276000 299.76 0.0128972 7.1234
2280000 301.091 0.0128972 6.95241
2284000 299.841 0.0128972 7.03072
2288000 300.741 0.0128972 7.03845
2292000 299.169 0.0128972 6.9887
2296000 302.499 0.0128972 6.91198
2300000 301.947 0.0128972 7.0321
2304000 302.092 0.0128972 7.06392
2308000 300.294 0.0128972 6.95988
2312000 301.22 0.0128972 6.95311
2316000 299.332 0.0128972 7.01279
2320000 301.825 0.0128972 6.98905
2324000 297.696 0.0128972 7.1111
2328000 297.692 0.0128972 6.92562
2332000 299.731 0.0128972 6.99956
2336000 301.17 0.0128972 7.10039
2340000 300.378 0.0128972 6.91185
2344000 301.701 0.0128972 7.02984
2348000 299.509 0.0128972 6.98041
2352000 300.035 0.0128972 6.84127
2356000 299.348 0.0128972 7.1082
2360000 301.211 0.0128972 6.92838
2364000 300.833 0.0128972 7.30644
2368000 299.875 0.0128972 7.0625
2372000 299.267 0.0128972 6.97999
2376000 299.806 0.0128972 7.17212
2380000 300.641 0.0128972 6.98828
2384000 299.772 0.0128972 6.80291
2388000 298.096 0.0128972 6.84162
2392000 301.335 0.0128972 7.17277
2396000 298.71 0.0128972 6.8705
2400000 300.848 0.0128972 7.18717
2404000 301.405 0.0128972 6.91152
2408000 300.922 0.0128972 6.91561
2412000 300.787 0.0128972 7.12908
2416000 298.832 0.0128972 6.95848
2420000 300.584 0.0128972 6.97607
2424000 301.88 0.0128972 7.23246
2428000 301.602 0.0128972 7.19748
2432000 300.319 0.0128972 6.98939
2436000 301.235 0.0128972 6.87825
2440000 300.499 0.0128972 7.09455
2444000 299.22 0.0128972 7.08548
2448000 300.682 0.0128972 7.14966
2452000 301.124 0.0128972 6.86917
2456000 300.666 0.0128972 7.08098
2460000 300.326 0.0128972 6.87983
2464000 299.507 0.0128972 7.09368
2468000 300.661 0.0128972 7.19672
2472000 299.922 0.0128972 6.85286
2476000 299.799 0.0128972 7.04053
2480000 300.725 0.0128972 7.07136
2484000 299.626 0.0128972 6.88472
2488000 301.591 0.0128972 6.9998
2492000 301.576 0.0128972 7.02778
2496000 299.793 0.0128972 6.92942
2500000 300.834 0.0128972 7.02249
2504000 300.691 0.0128972 6.92381
2508000 300.533 0.0128972 7.12762
2512000 302.128 0.0128972 6.91947
2516000 301.079 0.0128972 7.05684
2520000 301.649 0.0128972 7.06629
2524000 298.886 0.0128972 6.96982
2528000 298.987 0.0128972 6.82706
2532000 300.288 0.0128972 7.03702
2536000 300.062 0.0128972 6.99602
2540000 300.191 0.0128972 6.96432
2544000 300.834 0.0128972 7.02311
2548000 301.51 0.0128972 6.92854
2552000 299.666 0.0128972 6.97537
2556000 299.744 0.0128972 6.88355
2560000 298.503 0.0128972 6.84554
2564000 299.39 0.0128972 6.97177
2568000 301.621 0.0128972 7.03243
2572000 300.303 0.0128972 7.14383
2576000 300.786 0.0128972 6.9543
2580000 301.45 0.0128972 7.20545
2584000 300.298 0.0128972 7.05516
2588000 301.274 0.0128972 7.09105
2592000 300.313 0.0128972 6.93627
2596000 301.121 0.0128972 7.00601
2600000 300.177 0.0128972 7.05447
2604000 300.789 0.0128972 7.00706
2608000 300.207 0.0128972 7.02895
2612000 300.672 0.0128972 6.9757
2616000 300.973 0.0128972 7.10196
2620000 299.538 0.0128972 6.75377
2624000 299.513 0.0128972 7.02904
2628000 299.671 0.0128972 6.98561
2632000 302.277 0.0128972 7.12193
2636000 300.262 0.0128972 6.99451
2640000 299.711 0.0128972 6.94376
2644000 299.639 0.0128972 6.95517
2648000 298.961 0.0128972 6.75433
2652000 300.031 0.0128972 7.03847
2656000 298.589 0.0128972 7.05727
2660000 300.688 0.0128972 7.03096
2664000 298.986 0.0128972 6.84808
2668000 300.289 0.0128972 6.9423
2672000 301.151 0.0128972 7.11881
2676000 299.836 0.0128972 7.00584
2680000 299.223 0.0128972 7.01531
2684000 300.11 0.0128972 6.98641
2688000 301.664 0.0128972 6.95475
2692000 300.66 0.0128972 6.95764
2696000 301.301 0.0128972 6.98659
2700000 300.752 0.0128972 7.00584
2704000 301.316 0.0128972 6.84274
2708000 298.85 0.0128972 7.05259
2712000 299.864 0.0128972 6.84898
2716000 300.064 0.0128972 6.72548
2720000 303.234 0.0128972 7.16843
2724000 299.337 0.0128972 7.06578
2728000 300.295 0.0128972 6.82776
2732000 300.382 0.0128972 7.00334
2736000 301.152 0.0128972 6.97613
2740000 299.954 0.0128972 7.14628
2744000 300.162 0.0128972 7.06634
2748000 302.022 0.0128972 7.32583
2752000 300.272 0.0128972 6.95909
2756000 301.096 0.0128972 7.17493
2760000 301.751 0.0128972 6.86268
2764000 299.016 0.0128972 6.93429
2768000 299.457 0.0128972 7.05097
2772000 300.108 0.0128972 7.01367
2776000 302.936 0.0128972 7.19998
2780000 301.524 0.0128972 7.01984
2784000 299.609 0.0128972 6.9742
2788000 299.689 0.0128972 7.05712
2792000 301.084 0.0128972 6.9802
2796000 301.308 0.0128972 7.08048
2800000 301.007 0.0128972 6.99244
2804000 300.402 0.0128972 6.9257
2808000 300.579 0.0128972 7.11633
2812000 300.475 0.0128972 7.07112
2816000 300.875 0.0128972 7.03159
2820000 301.263 0.0128972 7.28284
2824000 299.474 0.0128972 6.89935
2828000 302.01 0.0128972 7.11793
2832000 299.974 0.0128972 6.97002
2836000 299.863 0.0128972 7.00376
2840000 299.382 0.0128972 7.0281
2844000 298.75 0.0128972 7.1159
2848000 300.599 0.0128972 6.97361
2852000 300.446 0.0128972 7.19056
2856000 300.455 0.0128972 7.09582
2860000 301.877 0.0128972 7.07643
2864000 301.325 0.0128972 6.96325
2868000 300.404 0.0128972 7.1365
2872000 299.942 0.0128972 7.04129
2876000 301.081 0.0128972 6.98389
2880000 300.111 0.0128972 7.07887
2884000 300.452 0.0128972 6.9128
2888000 301.802 0.0128972 7.1972
2892000 297.069 0.0128972 6.81768
2896000 300.195 0.0128972 6.82155
2900000 301.426 0.0128972 7.02691
2904000 303.781 0.0128972 7.15435
2908000 300.654 0.0128972 6.90208
2912000 299.037 0.0128972 7.05574
2916000 300.138 0.0128972 7.06699
2920000 302.069 0.0128972 7.13373
2924000 299.669 0.0128972 6.7884
2928000 303.655 0.0128972 7.19737
2932000 299.598 0.0128972 6.95944
2936000 300.479 0.0128972 7.18068
2940000 301.098 0.0128972 7.1997
2944000 299.754 0.0128972 6.88475
2948000 300.026 0.0128972 7.21188
2952000 299.768 0.0128972 7.08968
2956000 297.721 0.0128972 6.84755
2960000 299.73 0.0128972 7.1859
2964000 301.162 0.0128972 6.88393
2968000 299.416 0.0128972 7.01651
2972000 299.51 0.0128972 6.96228
2976000 297.764 0.0128972 6.82497
2980000 299.052 0.0128972 7.05322
2984000 299.87 0.0128972 7.083
2988000 299.695 0.0128972 7.05907
2992000 300.087 0.0128972 6.95291
2996000 299.809 0.0128972 7.09243
3000000 302.175 0.0128972 7.01423
3004000 301.238 0.0128972 7.07011
3008000 301.419 0.0128972 7.06078
3012000 300.683 0.0128972 7.18625
3016000 300.522 0.0128972 6.95155
3020000 298.529 0.0128972 6.92727
3024000 299.912 0.0128972 7.17196
3028000 301.568 0.0128972 6.9457
3032000 299.273 0.0128972 6.96317
3036000 299.18 0.0128972 6.89788
3040000 298.798 0.0128972 6.86803
3044000 299.917 0.0128972 6.92833
3048000 300.756 0.0128972 6.98554
3052000 299.083 0.0128972 6.87571
3056000 300.929 0.0128972 7.09543
3060000 301.946 0.0128972 7.03004
3064000 298.319 0.0128972 6.87475
3068000 299.488 0.0128972 6.75092
3072000 298.54 0.0128972 6.97034
3076000 300.482 0.0128972 7.05724
3080000 301.932 0.0128972 7.25111
3084000 299.986 0.0128972 6.629
3088000 300.071 0.0128972 7.06297
3092000 301.146 0.0128972 7.17725
3096000 299.292 0.0128972 6.86593
3100000 300.654 0.0128972 6.96818
3104000 299.26 0.0128972 6.9061
3108000 300.01 0.0128972 6.94831
3112000 300.091 0.0128972 6.8989
3116000 300.665 0.0128972 7.06707
3120000 300.935 0.0128972 7.04809
3124000 300.378 0.0128972 7.04811
3128000 300.509 0.0128972 7.07236
3132000 299.299 0.0128972 6.9317
3136000 298.352 0.0128972 7.0173
3140000 299.583 0.0128972 6.93999
3144000 301.319 0.0128972 7.08489
3148000 299.558 0.0128972 6.97656
3152000 299.991 0.0128972 6.90691
3156000 300.65 0.0128972 7.20754
3160000 299.946 0.0128972 7.05286
3164000 301.512 0.0128972 6.83866
3168000 300.581 0.0128972 7.01003
3172000 301.787 0.0128972 6.94138
3176000 299.815 0.0128972 6.91899
3180000 301.294 0.0128972 6.97262
3184000 300.714 0.0128972 7.08325
3188000 300.885 0.0128972 7.0374
3192000 300.36 0.0128972 6.84523
3196000 300.47 0.0128972 7.10393
3200000 298.163 0.0128972 6.96689
3204000 301.306 0.0128972 7.20412
3208000 300.109 0.0128972 6.873
3212000 300.55 0.0128972 7.03451
3216000 299.868 0.0128972 6.90362
3220000 300.392 0.0128972 7.10719
3224000 301.829 0.0128972 7.03434
3228000 300.871 0.0128972 6.99538
3232000 300.428 0.0128972 7.08293
3236000 300.185 0.0128972 6.89844
3240000 299.592 0.0128972 6.96052
3244000 301.059 0.0128972 6.85564
3248000 300.732 0.0128972 7.14435
3252000 299.576 0.0128972 7.10464
3256000 299.602 0.0128972 6.98762
3260000 299.331 0.0128972 7.15353
3264000 300.769 0.0128972 7.14893
3268000 300.008 0.0128972 7.13461
3272000 299.667 0.0128972 7.05618
3276000 299.853 0.0128972 7.0492
3280000 299.515 0.0128972 7.05143
3284000 298.748 0.0128972 6.77074
3288000 301.142 0.0128972 7.01685
3292000 300.347 0.0128972 7.10715
3296000 298.653 0.0128972 6.9938
3300000 301.997 0.0128972 7.11468
3304000 300.749 0.0128972 7.01197
3308000 302.54 0.0128972 7.00796
3312000 301.263 0.0128972 7.09212
3316000 302.521 0.0128972 7.00954
3320000 300.966 0.0128972 7.23572
3324000 299.379 0.0128972 7.06647
3328000 300.405 0.0128972 7.06309
3332000 300.594 0.0128972 6.98377
3336000 300.614 0.0128972 6.93731
3340000 298.968 0.0128972 6.98725
3344000 300.231 0.0128972 6.93234
3348000 300.715 0.0128972 7.07348
3352000 299.495 0.0128972 6.84992
3356000 301.301 0.0128972 7.03148
3360000 299.472 0.0128972 7.09435
3364000 299.18 0.0128972 6.82061
3368000 300.138 0.0128972 7.03655
3372000 300.621 0.0128972 7.06287
3376000 300.84 0.0128972 6.83143
3380000 299.955 0.0128972 7.054
3384000 299.576 0.0128972 6.89645
3388000 299.32 0.0128972 6.91225
3392000 300.283 0.0128972 6.9481
3396000 299.753 0.0128972 6.74479
3400000 298.527 0.0128972 6.84697
3404000 301.291 0.0128972 7.02469
3408000 301.254 0.0128972 7.02753
3412000 300.811 0.0128972 6.95437
3416000 299.583 0.0128972 7.10503
3420000 300.839 0.0128972 7.00467
3424000 301.03 0.0128972 6.99536
3428000 300.171 0.0128972 6.98738
3432000 299.427 0.0128972 6.91013
3436000 300.282 0.0128972 6.93799
3440000 299.764 0.0128972 7.11658
3444000 300.874 0.0128972 6.94453
3448000 300.095 0.0128972 7.08911
3452000 300.001 0.0128972 6.99094
3456000 301.035 0.0128972 7.04753
3460000 300.017 0.0128972 7.06396
3464000 300.845 0.0128972 7.01954
3468000 298.578 0.0128972 7.00909
3472000 300.322 0.0128972 6.83823
3476000 301.418 0.0128972 7.11623
3480000 299.717 0.0128972 7.13723
3484000 299.738 0.0128972 7.02112
3488000 301.196 0.0128972 7.05879
3492000 302.863 0.0128972 6.9979
3496000 299.945 0.0128972 7.13487
3500000 300.967 0.0128972 6.86418
3504000 302.983 0.0128972 7.12065
3508000 299.592 0.0128972 6.91947
3512000 300.742 0.0128972 7.05742
3516000 300.229 0.0128972 7.0227
3520000 300.527 0.0128972 7.02009
3524000 300.86 0.0128972 7.13305
3528000 300.695 0.0128972 7.01048
3532000 299.812 0.0128972 6.90019
3536000 298.487 0.0128972 6.88421
3540000 300.408 0.0128972 7.17954
3544000 298.499 0.0128972 7.16573
3548000 300.965 0.0128972 7.01901
3552000 299.072 0.0128972 7.05461
3556000 301.355 0.0128972 6.97945
3560000 299.975 0.0128972 7.05718
3564000 300.118 0.0128972 7.1191
3568000 299.815 0.0128972 6.93679
3572000 301.776 0.0128972 7.1177
3576000 300.307 0.0128972 7.01433
3580000 300.3 0.0128972 7.0591
3584000 301.522 0.0128972 6.94942
3588000 299.373 0.0128972 7.04437
3592000 301.512 0.0128972 7.11075
3596000 302.324 0.0128972 7.21303
3600000 302.393 0.0128972 7.04477
3604000 301.764 0.0128972 7.08054
3608000 299.912 0.0128972 7.02482
3612000 300.561 0.0128972 6.97794
3616000 301.552 0.0128972 7.2045
3620000 301.326 0.0128972 6.93295
3624000 300.957 0.0128972 7.03128
3628000 299.554 0.0128972 6.80995
3632000 299.719 0.0128972 6.9477
3636000 300.937 0.0128972 6.96454
3640000 303.341 0.0128972 7.09137
3644000 299.729 0.0128972 7.15768
3648000 298.292 0.0128972 6.78864
3652000 299.096 0.0128972 6.91283
3656000 300.798 0.0128972 7.11243
3660000 300.772 0.0128972 7.11605
3664000 300.986 0.0128972 6.94194
3668000 301.439 0.0128972 7.06632
3672000 299.418 0.0128972 7.20754
3676000 300.008 0.0128972 7.10696
3680000 300.685 0.0128972 7.02004
3684000 301.765 0.0128972 6.93209
3688000 300.45 0.0128972 7.03486
3692000 298.602 0.0128972 7.11255
3696000 300.443 0.0128972 7.03721
3700000 300.973 0.0128972 6.8812
3704000 299.469 0.0128972 7.28666
3708000 301.376 0.0128972 7.04324
3712000 298.67 0.0128972 7.05555
3716000 300.031 0.0128972 7.11371
3720000 301.389 0.0128972 7.01233
3724000 298.499 0.0128972 6.97047
3728000 301.989 0.0128972 7.1238
3732000 300.905 0.0128972 7.03681
3736000 302.843 0.0128972 6.92517
3740000 299.83 0.0128972 6.99802
3744000 301.554 0.0128972 7.07384
3748000 300.3 0.0128972 7.02714
3752000 299.218 0.0128972 7.04538
3756000 301.287 0.0128972 6.93886
3760000 301.038 0.0128972 6.99719
3764000 298.619 0.0128972 6.91944
3768000 300.531 0.0128972 7.07775
3772000 302.706 0.0128972 7.06164
3776000 299.008 0.0128972 7.01877
3780000 301.954 0.0128972 7.06047
3784000 298.504 0.0128972 7.0796
3788000 300.977 0.0128972 6.99124
3792000 300.337 0.0128972 7.02024
3796000 298.625 0.0128972 6.78257
3800000 300.628 0.0128972 7.08955
3804000 298.54 0.0128972 7.01485
3808000 300.892 0.0128972 7.0021
3812000 299.721 0.0128972 6.98944
3816000 299.13 0.0128972 7.10003
3820000 301.455 0.0128972 7.13058
3824000 299.637 0.0128972 7.04984
3828000 298.802 0.0128972 6.90214
3832000 300.646 0.0128972 6.96732
3836000 301.713 0.0128972 6.96784
3840000 300.494 0.0128972 7.12191
3844000 301.314 0.0128972 7.07036
3848000 299.681 0.0128972 7.05203
3852000 299.798 0.0128972 7.00017
3856000 301.687 0.0128972 7.20322
3860000 300.587 0.0128972 7.08324
3864000 300.912 0.0128972 7.01677
3868000 301.378 0.0128972 7.11987
3872000 301.203 0.0128972 6.98311
3876000 299.742 0.0128972 6.89859
3880000 300.962 0.0128972 7.10855
3884000 301.476 0.0128972 7.05007
3888000 299.519 0.0128972 7.14833
3892000 297.717 0.0128972 6.78983
3896000 300.508 0.0128972 7.00654
3900000 299.902 0.0128972 7.0243
3904000 301.049 0.0128972 7.05243
3908000 300.465 0.0128972 6.89483
3912000 299.668 0.0128972 7.08954
3916000 301.112 0.0128972 6.96011
3920000 300.438 0.0128972 6.90834
3924000 300.398 0.0128972 7.30102
3928000 299.959 0.0128972 7.0449
3932000 300.081 0.0128972 7.01241
3936000 299.391 0.0128972 7.05905
3940000 299.887 0.0128972 6.88054
3944000 298.681 0.0128972 6.91578
3948000 298.386 0.0128972 6.82687
3952000 300.674 0.0128972 6.9153
3956000 299.664 0.0128972 6.78458
3960000 299.446 0.0128972 6.92384
3964000 299.858 0.0128972 6.93998
3968000 301.061 0.0128972 7.1408
3972000 300.845 0.0128972 7.08013
3976000 300.296 0.0128972 6.80001
3980000 300.12 0.0128972 7.1382
3984000 301.499 0.0128972 7.09462
3988000 300.192 0.0128972 6.98842
3992000 300.353 0.0128972 6.97397
3996000 298.945 0.0128972 6.98491
4000000 298.802 0.0128972 6.93111
