# Time-averaged data for fix mydat
# TimeStep v_mtmp v_mden v_mpre
4000 559.568 0.00909021 3.31213
8000 302.216 0.00909021 5.08385
12000 300.176 0.00909021 5.00691
16000 298.235 0.00909021 4.97553
20000 301.326 0.00909021 4.95045
24000 301.237 0.00909021 4.70504
28000 302.551 0.00909021 4.99687
32000 300.888 0.00909021 4.98433
36000 300.713 0.00909021 4.72296
40000 300.496 0.00909021 4.91926
44000 301.338 0.00909021 4.92581
48000 301.477 0.00909021 4.89767
52000 298.941 0.00909021 4.80424
56000 298.386 0.00909021 4.8402
60000 300.988 0.00909021 4.93886
64000 300.863 0.00909021 4.66982
68000 299.231 0.00909021 5.18415
72000 301.392 0.00909021 4.75081
76000 300.128 0.00909021 4.91729
80000 298.104 0.00909021 4.75253
84000 301.886 0.00909021 4.85606
88000 299.997 0.00909021 4.64344
92000 301.594 0.00909021 4.63101
96000 298.783 0.00909021 5.02515
100000 298.229 0.00909021 4.52955
104000 299.497 0.00909021 4.77627
108000 301.611 0.00909021 4.86856
112000 299.685 0.00909021 4.87774
116000 299.067 0.00909021 4.55817
120000 300.461 0.00909021 4.73366
124000 298.779 0.00909021 4.58389
128000 300.576 0.00909021 4.98713
132000 299.799 0.00909021 4.67264
136000 300.433 0.00909021 4.72251
140000 300.825 0.00909021 4.6784
144000 300.241 0.00909021 4.62123
148000 299.905 0.00909021 4.59568
152000 300.138 0.00909021 4.86429
156000 300.663 0.00909021 4.6637
160000 301.186 0.00909021 4.94657
164000 300.323 0.00909021 4.72668
168000 299.877 0.00909021 4.34847
172000 301.536 0.00909021 4.72062
176000 302.193 0.00909021 4.74632
180000 301.303 0.00909021 4.69717
184000 301.251 0.00909021 4.68972
188000 298.802 0.00909021 4.6512
192000 300.639 0.00909021 4.62684
196000 300.975 0.00909021 4.86215
200000 300.035 0.00909021 4.71951
204000 301.075 0.00909021 4.72116
208000 300.91 0.00909021 4.83813
212000 298.844 0.00909021 4.50907
216000 300.561 0.00909021 4.78526
220000 300.996 0.00909021 4.68665
224000 301.72 0.00909021 4.65227
228000 301.308 0.00909021 4.66718
232000 301.163 0.00909021 4.67908
236000 301.938 0.00909021 4.70742
240000 300.992 0.00909021 4.73356
244000 300.565 0.00909021 4.61523
248000 300.948 0.00909021 4.67467
252000 299.526 0.00909021 4.54705
256000 299.532 0.00909021 4.64117
260000 301.722 0.00909021 4.76157
264000 300.391 0.00909021 4.7491
268000 300.832 0.00909021 4.57695
272000 301.607 0.00909021 4.7126
276000 300.303 0.00909021 4.85358
280000 299.807 0.00909021 4.6403
284000 300.821 0.00909021 4.69323
288000 298.612 0.00909021 4.61618
292000 300.646 0.00909021 4.74664
296000 302.092 0.00909021 4.77572
300000 300.033 0.00909021 4.78797
304000 302.183 0.00909021 4.66533
308000 299.585 0.00909021 4.65823
312000 301.141 0.00909021 4.70501
316000 298.898 0.00909021 4.66788
320000 299.96 0.00909021 4.63025
324000 299.658 0.00909021 4.73777
328000 300.994 0.00909021 4.63104
332000 299.979 0.00909021 4.70322
336000 298.377 0.00909021 4.52348
340000 302.84 0.00909021 4.73266
344000 299.153 0.00909021 4.70486
348000 299.054 0.00909021 4.84187
352000 299.877 0.00909021 4.80701
356000 300.326 0.00909021 4.65656
360000 301.448 0.00909021 4.59092
364000 298.648 0.00909021 4.63337
368000 299.852 0.00909021 4.78372
372000 299.245 0.00909021 4.71957
376000 299.967 0.00909021 4.74638
380000 301.504 0.00909021 4.71405
384000 300.148 0.00909021 4.7932
388000 300.464 0.00909021 4.80902
392000 300.85 0.00909021 4.79315
396000 299.715 0.00909021 4.89017
400000 298.382 0.00909021 4.57754
404000 300.76 0.00909021 4.78798
408000 299.771 0.00909021 4.6816
412000 301.543 0.00909021 4.74074
416000 300.102 0.00909021 4.78422
420000 300.485 0.00909021 4.78664
424000 301.262 0.00909021 4.7574
428000 298.48 0.00909021 4.72237
432000 301.82 0.00909021 4.86546
436000 301.472 0.00909021 4.75866
440000 298.385 0.00909021 4.79275
444000 301.288 0.00909021 4.72034
448000 300.558 0.00909021 4.78584
452000 300.982 0.00909021 4.72236
456000 301.015 0.00909021 4.78343
460000 300.098 0.00909021 4.66948
464000 300.503 0.00909021 4.76838
468000 300.21 0.00909021 4.69154
472000 299.725 0.00909021 4.97104
476000 299.306 0.00909021 4.63201
480000 298.448 0.00909021 4.83007
484000 300.001 0.00909021 4.78845
488000 299.338 0.00909021 4.78782
492000 301.666 0.00909021 4.94749
496000 299.958 0.00909021 4.83215
500000 300.546 0.00909021 4.76973
504000 302.929 0.00909021 4.86516
508000 300.477 0.00909021 4.89757
512000 299.245 0.00909021 4.77213
516000 302.448 0.00909021 4.97003
520000 300.472 0.00909021 4.79445
524000 300.789 0.00909021 4.96082
528000 300.366 0.00909021 4.9265
532000 301.323 0.00909021 4.79295
536000 299.991 0.00909021 4.86601
540000 301.197 0.00909021 4.84034
544000 301.136 0.00909021 4.85049
548000 300.143 0.00909021 4.92637
552000 300.452 0.00909021 4.89998
556000 299.396 0.00909021 4.90622
560000 299.663 0.00909021 4.74087
564000 300.838 0.00909021 4.93442
568000 300.193 0.00909021 4.98598
572000 300.4 0.00909021 4.87856
576000 299.64 0.00909021 4.83918
580000 299.809 0.00909021 4.88875
584000 300.079 0.00909021 4.93621
588000 299.266 0.00909021 4.77722
592000 300.54 0.00909021 5.0547
596000 302.069 0.00909021 4.8021
600000 299.427 0.00909021 4.88697
604000 298.776 0.00909021 4.82811
608000 301.111 0.00909021 4.89142
612000 299.735 0.00909021 4.81471
616000 301.006 0.00909021 4.93651
620000 301.376 0.00909021 4.89903
624000 301.185 0.00909021 4.91517
628000 300.26 0.00909021 4.79063
632000 301.78 0.00909021 4.93802
636000 300.469 0.00909021 4.87208
640000 299.307 0.00909021 4.75255
644000 302.903 0.00909021 4.90675
648000 300.588 0.00909021 4.86432
652000 299.377 0.00909021 4.89252
656000 300.615 0.00909021 5.02784
660000 300.577 0.00909021 4.87086
664000 299.936 0.00909021 4.95819
668000 298.089 0.00909021 4.90055
672000 299.945 0.00909021 4.93547
676000 300.796 0.00909021 4.86556
680000 299.798 0.00909021 4.83704
684000 300.641 0.00909021 4.91135
688000 300.664 0.00909021 4.87454
692000 300.004 0.00909021 4.94614
696000 300.481 0.00909021 4.98461
700000 300.945 0.00909021 5.03554
704000 298.441 0.00909021 4.90919
708000 302.324 0.00909021 4.99846
712000 301.028 0.00909021 4.95465
716000 298.266 0.00909021 4.98179
720000 299.424 0.00909021 4.87851
724000 299.367 0.00909021 4.9457
728000 300.796 0.00909021 4.93932
732000 301.332 0.00909021 5.059
736000 300.252 0.00909021 4.88096
740000 299.681 0.00909021 5.0423
744000 299.57 0.00909021 4.86502
748000 299.298 0.00909021 4.88653
752000 300.734 0.00909021 4.9667
756000 300.607 0.00909021 4.96385
760000 297.975 0.00909021 4.84423
764000 298.922 0.00909021 4.96799
768000 300.617 0.00909021 4.97155
772000 299.317 0.00909021 5.0152
776000 300.514 0.00909021 4.88362
780000 299.739 0.00909021 4.99239
784000 300.537 0.00909021 5.08985
788000 299.765 0.00909021 4.82177
792000 299.72 0.00909021 4.91963
796000 300.885 0.00909021 4.96333
800000 298.724 0.00909021 4.9175
804000 298.832 0.00909021 4.79611
808000 299.897 0.00909021 5.16148
812000 300.214 0.00909021 4.89419
816000 301.818 0.00909021 4.86833
820000 298.684 0.00909021 4.81557
824000 301.318 0.00909021 5.04541
828000 300.89 0.00909021 4.96624
832000 302.022 0.00909021 5.06706
836000 299.213 0.00909021 4.91084
840000 300.145 0.00909021 4.94542
844000 298.365 0.00909021 4.85455
848000 299.212 0.00909021 5.00606
852000 301.423 0.00909021 4.94822
856000 300.554 0.00909021 4.9679
860000 298.646 0.00909021 5.04482
864000 300.998 0.00909021 4.97607
868000 301.075 0.00909021 5.0954
872000 300.967 0.00909021 4.90857
876000 299.06 0.00909021 4.97975
880000 301.554 0.00909021 5.01992
884000 297.365 0.00909021 4.95718
888000 301.094 0.00909021 4.91766
892000 301.89 0.00909021 5.10263
896000 297.188 0.00909021 4.99789
900000 300.951 0.00909021 4.93886
904000 300.716 0.00909021 4.99952
908000 299.547 0.00909021 4.92928
912000 300.05 0.00909021 4.93671
916000 298.933 0.00909021 4.95542
920000 299.454 0.00909021 4.94114
924000 300.685 0.00909021 4.913
928000 298.665 0.00909021 4.98554
932000 299.934 0.00909021 4.94759
936000 300.394 0.00909021 5.03579
940000 300.462 0.00909021 4.90878
944000 300.723 0.00909021 4.99186
948000 300.552 0.00909021 4.94889
952000 300.272 0.00909021 5.09374
956000 300.655 0.00909021 4.95806
960000 299.626 0.00909021 4.75678
964000 298.516 0.00909021 4.86708
968000 298.679 0.00909021 4.89614
972000 299.754 0.00909021 5.04006
976000 300.232 0.00909021 5.00406
980000 301.038 0.00909021 5.03368
984000 300.944 0.00909021 5.08486
988000 299.753 0.00909021 4.87103
992000 300.042 0.00909021 4.88759
996000 299.627 0.00909021 4.96809
1000000 300.545 0.00909021 5.00255
1004000 301.087 0.00909021 4.97589
1008000 298.205 0.00909021 4.89356
1012000 300.732 0.00909021 5.01091
1016000 300.337 0.00909021 4.9187
1020000 300.08 0.00909021 5.08942
1024000 299.45 0.00909021 4.89938
1028000 298.082 0.00909021 4.94437
1032000 300.325 0.00909021 4.96485
1036000 302.046 0.00909021 4.98819
1040000 299.451 0.00909021 4.93534
1044000 299.617 0.00909021 4.95626
1048000 301.149 0.00909021 4.98502
1052000 302.235 0.00909021 5.14874
1056000 301.341 0.00909021 5.07005
1060000 298.354 0.00909021 4.85921
1064000 299.497 0.00909021 5.04221
1068000 301.055 0.00909021 5.02282
1072000 302.234 0.00909021 4.97986
1076000 299.414 0.00909021 4.89976
1080000 299.17 0.00909021 5.04578
1084000 300.752 0.00909021 4.92529
1088000 300.079 0.00909021 4.9753
1092000 301.627 0.00909021 5.05202
1096000 300.719 0.00909021 4.91799
1100000 301.198 0.00909021 4.9676
1104000 300.916 0.00909021 5.00086
1108000 301.267 0.00909021 5.08061
1112000 300.037 0.00909021 4.67333
1116000 300.912 0.00909021 4.97286
1120000 300.39 0.00909021 4.92031
1124000 299.005 0.00909021 5.00119
1128000 299.532 0.00909021 4.79647
1132000 299.34 0.00909021 4.91992
1136000 301.14 0.00909021 4.98936
1140000 298.88 0.00909021 5.01928
1144000 299.022 0.00909021 4.91618
1148000 298.465 0.00909021 4.98355
1152000 300.174 0.00909021 5.00856
1156000 301.188 0.00909021 5.01461
1160000 299.847 0.00909021 4.96932
1164000 297.846 0.00909021 4.92929
1168000 299.92 0.00909021 4.87421
1172000 301.731 0.00909021 4.87935
1176000 300.304 0.00909021 4.98773
1180000 300.747 0.00909021 4.98379
1184000 300.488 0.00909021 4.93692
1188000 300.729 0.00909021 4.95707
1192000 298.348 0.00909021 4.99728
1196000 299.541 0.00909021 4.94537
1200000 299.596 0.00909021 5.01652
1204000 300.56 0.00909021 5.05223
1208000 299.716 0.00909021 5.00956
1212000 300.304 0.00909021 4.97979
1216000 301.053 0.00909021 4.9606
1220000 301.215 0.00909021 5.05425
1224000 300.529 0.00909021 5.05323
1228000 300.333 0.00909021 5.01195
1232000 301.026 0.00909021 5.02736
1236000 299.308 0.00909021 4.92845
1240000 301.221 0.00909021 4.96029
1244000 299.934 0.00909021 4.97069
1248000 302.757 0.00909021 5.0821
1252000 301.267 0.00909021 4.94173
1256000 301.471 0.00909021 4.94288
1260000 298.504 0.00909021 4.78261
1264000 300.74 0.00909021 4.95654
1268000 298.873 0.00909021 4.89274
1272000 300.824 0.00909021 4.86867
1276000 300.192 0.00909021 4.94643
1280000 299.106 0.00909021 5.02939
1284000 300.753 0.00909021 4.94955
1288000 300.924 0.00909021 5.02678
1292000 300.056 0.00909021 5.0392
1296000 299.362 0.00909021 4.9901
1300000 299.221 0.00909021 5.01314
1304000 301.36 0.00909021 5.07668
1308000 300.805 0.00909021 5.09652
1312000 299.05 0.00909021 4.83961
1316000 300.429 0.00909021 4.96475
1320000 300.615 0.00909021 5.06191
1324000 300.544 0.00909021 5.005
1328000 300.52 0.00909021 5.0019
1332000 299.248 0.00909021 4.96585
1336000 301.749 0.00909021 5.06715
1340000 299.949 0.00909021 4.98947
1344000 301.09 0.00909021 5.03649
1348000 299.47 0.00909021 4.96808
1352000 302.811 0.00909021 4.99841
1356000 299.846 0.00909021 4.97363
1360000 300.567 0.00909021 5.00178
1364000 300.496 0.00909021 5.00083
1368000 298.136 0.00909021 5.01388
1372000 300.966 0.00909021 5.00881
1376000 299.917 0.00909021 5.01331
1380000 302.257 0.00909021 5.09864
1384000 298.658 0.00909021 4.9373
1388000 298.863 0.00909021 4.99905
1392000 300.8 0.00909021 4.96534
1396000 299.728 0.00909021 5.05849
1400000 300.549 0.00909021 4.91637
1404000 298.8 0.00909021 5.00604
1408000 299.712 0.00909021 4.94669
1412000 300.268 0.00909021 5.01116
1416000 300 0.00909021 4.99784
1420000 299.42 0.00909021 4.96305
1424000 299.796 0.00909021 5.03171
1428000 299.82 0.00909021 4.94012
1432000 299.02 0.00909021 5.07471
1436000 301.151 0.00909021 4.97817
1440000 299.859 0.00909021 4.97222
1444000 300.182 0.00909021 4.92405
1448000 300.122 0.00909021 4.98623
1452000 299.146 0.00909021 4.93639
1456000 298.502 0.00909021 4.97242
1460000 299.511 0.00909021 4.88497
1464000 299.24 0.00909021 4.95199
1468000 300.087 0.00909021 4.88307
1472000 299.994 0.00909021 5.08449
1476000 299.945 0.00909021 4.8908
1480000 301.749 0.00909021 5.08448
1484000 300.38 0.00909021 4.86412
1488000 300.083 0.00909021 4.90469
1492000 301.064 0.00909021 5.04578
1496000 301.049 0.00909021 5.04258
1500000 298.675 0.00909021 4.92123
1504000 298.66 0.00909021 4.94418
1508000 299.715 0.00909021 4.94742
1512000 300.849 0.00909021 4.85822
1516000 301.632 0.00909021 5.04358
1520000 298.965 0.00909021 4.99882
1524000 298.025 0.00909021 4.90944
1528000 300.628 0.00909021 4.94089
1532000 301.998 0.00909021 4.93213
1536000 300.063 0.00909021 4.97578
1540000 301.787 0.00909021 4.98778
1544000 300.686 0.00909021 5.0017
1548000 301.725 0.00909021 4.93433
1552000 300.425 0.00909021 4.89727
1556000 299.394 0.00909021 4.99289
1560000 301.432 0.00909021 5.05085
1564000 299.979 0.00909021 4.87967
1568000 299.66 0.00909021 5.0169
1572000 299.471 0.00909021 4.91321
1576000 300.21 0.00909021 5.07293
1580000 300.777 0.00909021 5.01403
1584000 301.263 0.00909021 5.05046
1588000 297.655 0.00909021 4.9643
1592000 301.613 0.00909021 4.95514
1596000 300.815 0.00909021 4.91708
1600000 300.66 0.00909021 5.04851
1604000 299.806 0.00909021 5.14053
1608000 298.568 0.00909021 4.99733
1612000 300.932 0.00909021 4.81499
1616000 300.596 0.00909021 4.73836
1620000 301.957 0.00909021 5.2692
1624000 300.092 0.00909021 4.99189
1628000 300.878 0.00909021 5.02386
1632000 300.777 0.00909021 5.03541
1636000 301.109 0.00909021 5.01992
1640000 301.495 0.00909021 5.17299
1644000 299.504 0.00909021 4.94747
1648000 299.346 0.00909021 4.88204
1652000 298.3 0.00909021 4.92035
1656000 300.032 0.00909021 5.06579
1660000 299.619 0.00909021 4.94189
1664000 299.581 0.00909021 5.0863
1668000 298.094 0.00909021 4.89193
1672000 300.302 0.00909021 5.00325
1676000 299.969 0.00909021 4.88403
1680000 299.463 0.00909021 5.02055
1684000 301.765 0.00909021 4.94189
1688000 300.808 0.00909021 4.97186
1692000 301.723 0.00909021 5.01319
1696000 298.558 0.00909021 4.9248
1700000 300.871 0.00909021 5.01824
1704000 301.581 0.00909021 4.98153
1708000 299.631 0.00909021 5.01297
1712000 301.414 0.00909021 5.02804
1716000 300.382 0.00909021 4.91035
1720000 300.463 0.00909021 5.05201
1724000 299.05 0.00909021 4.94081
1728000 302.262 0.00909021 4.91131
1732000 298.516 0.00909021 5.00554
1736000 300.397 0.00909021 4.90132
1740000 298.614 0.00909021 4.90277
1744000 301.265 0.00909021 5.1782
1748000 300.796 0.00909021 4.93257
1752000 298.673 0.00909021 5.06589
1756000 299.39 0.00909021 4.95123
1760000 299.665 0.00909021 5.06596
1764000 301.284 0.00909021 5.0034
1768000 302.754 0.00909021 5.07277
1772000 301.503 0.00909021 4.90168
1776000 299.244 0.00909021 4.96461
1780000 299.806 0.00909021 4.86468
1784000 301.081 0.00909021 4.95274
1788000 300.394 0.00909021 4.98893
1792000 297.189 0.00909021 4.84986
1796000 299.73 0.00909021 4.9403
1800000 301.981 0.00909021 5.13005
1804000 300.176 0.00909021 5.04967
1808000 299.979 0.00909021 4.87951
1812000 299.551 0.00909021 4.8722
1816000 300.846 0.00909021 5.06372
1820000 298.32 0.00909021 4.99706
1824000 300.098 0.00909021 5.03265
1828000 300.434 0.00909021 4.96705
1832000 299.986 0.00909021 5.05094
1836000 300.584 0.00909021 4.99573
1840000 299.061 0.00909021 4.97433
1844000 300.903 0.00909021 4.9354
1848000 300.818 0.00909021 4.78593
1852000 300.355 0.00909021 5.23664
1856000 299.326 0.00909021 4.77388
1860000 301.605 0.00909021 5.1629
1864000 301.388 0.00909021 4.94778
1868000 298.276 0.00909021 4.92976
1872000 301.727 0.00909021 4.81316
1876000 300.99 0.00909021 5.12212
1880000 298.206 0.00909021 4.91335
1884000 297.612 0.00909021 5.07429
1888000 299.853 0.00909021 4.9355
1892000 300.73 0.00909021 5.00552
1896000 300.169 0.00909021 4.95795
1900000 300.569 0.00909021 4.96709
1904000 298.374 0.00909021 4.90067
1908000 299.352 0.00909021 5.00682
1912000 301.182 0.00909021 5.09238
1916000 299.617 0.00909021 4.9615
1920000 299.374 0.00909021 4.89078
1924000 300.153 0.00909021 4.97193
1928000 301.703 0.00909021 4.99645
1932000 300.6 0.00909021 4.96348
1936000 299.999 0.00909021 4.9758
1940000 301.075 0.00909021 5.00121
1944000 299.305 0.00909021 4.91597
1948000 301.157 0.00909021 4.99409
1952000 301.49 0.00909021 4.96248
1956000 300.312 0.00909021 5.03601
1960000 298.812 0.00909021 4.86106
1964000 299.826 0.00909021 4.98189
1968000 299.194 0.00909021 4.97333
1972000 301.358 0.00909021 4.96876
1976000 302.424 0.00909021 4.90862
1980000 299.171 0.00909021 4.98086
1984000 301.321 0.00909021 5.03078
1988000 298.629 0.00909021 4.91743
1992000 300.545 0.00909021 4.96322
1996000 300.938 0.00909021 4.9291
2000000 299.86 0.00909021 4.96641
2004000 299.167 0.00909021 5.02893
2008000 300.145 0.00909021 5.05546
2012000 301.165 0.00909021 4.91975
2016000 300.798 0.00909021 5.01717
2020000 300.803 0.00909021 4.9744
2024000 298.763 0.00909021 5.03506
2028000 300.985 0.00909021 4.8735
2032000 300.663 0.00909021 5.06371
2036000 299.469 0.00909021 5.00769
2040000 298.388 0.00909021 4.97891
2044000 300.456 0.00909021 5.05467
2048000 301.879 0.00909021 4.97438
2052000 300.358 0.00909021 4.92661
2056000 300.057 0.00909021 4.90832
2060000 298.855 0.00909021 4.93005
2064000 299.132 0.00909021 4.98387
2068000 302.238 0.00909021 5.04407
2072000 300.483 0.00909021 4.98113
2076000 301.425 0.00909021 4.96374
2080000 300.748 0.00909021 4.97547
2084000 301.285 0.00909021 5.02424
2088000 298.305 0.00909021 4.97625
2092000 299.446 0.00909021 4.79262
2096000 299.879 0.00909021 4.8961
2100000 301.113 0.00909021 4.92185
2104000 298.876 0.00909021 5.09557
2108000 302.097 0.00909021 4.92393
2112000 299.218 0.00909021 4.91499
2116000 301.249 0.00909021 5.014
2120000 300.091 0.00909021 5.05917
2124000 301.206 0.00909021 4.90774
2128000 300.271 0.00909021 4.95281
2132000 300.577 0.00909021 4.98582
2136000 301.805 0.00909021 4.99747
2140000 300.647 0.00909021 5.09711
2144000 298.647 0.00909021 4.95252
2148000 299.515 0.00909021 4.9348
2152000 302.583 0.00909021 4.99902
2156000 300.814 0.00909021 5.0494
2160000 302.044 0.00909021 5.01567
2164000 299.577 0.00909021 4.92139
2168000 298.903 0.00909021 5.16009
2172000 301.491 0.00909021 5.00011
2176000 301.709 0.00909021 5.03589
2180000 302.651 0.00909021 4.74473
2184000 300.219 0.00909021 5.4578
2188000 300.875 0.00909021 4.53051
2192000 301.075 0.00909021 5.01178
2196000 300.06 0.00909021 4.98503
2200000 300.695 0.00909021 5.14683
2204000 298.941 0.00909021 4.70079
2208000 298.606 0.00909021 5.26128
2212000 299.157 0.00909021 4.94964
2216000 299.804 0.00909021 4.99815
2220000 302.224 0.00909021 4.97491
2224000 299.765 0.00909021 4.95723
2228000 300.726 0.00909021 4.9742
2232000 299.528 0.00909021 4.92856
2236000 303.095 0.00909021 5.02581
2240000 302.162 0.00909021 4.97554
2244000 300.806 0.00909021 5.01189
2248000 300.781 0.00909021 5.00935
2252000 299.775 0.00909021 4.97634
2256000 301.175 0.00909021 5.01414
2260000 299.918 0.00909021 4.84641
2264000 301.864 0.00909021 5.01391
2268000 297.96 0.00909021 4.92862
2272000 300.556 0.00909021 4.94488
2276000 301.665 0.00909021 5.04086
2280000 299.279 0.00909021 4.80175
2284000 300.536 0.00909021 4.82957
2288000 301.189 0.00909021 4.96517
2292000 298.483 0.00909021 5.04907
2296000 302.131 0.00909021 5.04474
2300000 299.309 0.00909021 4.92926
2304000 300.393 0.00909021 4.92384
2308000 299.244 0.00909021 5.01264
2312000 298.897 0.00909021 4.94328
2316000 300.898 0.00909021 4.91049
2320000 301.344 0.00909021 4.99748
2324000 302.204 0.00909021 4.86199
2328000 300.69 0.00909021 4.93162
2332000 300.348 0.00909021 4.86145
2336000 298.495 0.00909021 5.00841
2340000 300.208 0.00909021 4.93385
2344000 299.543 0.00909021 5.14131
2348000 299.63 0.00909021 4.99907
2352000 299.22 0.00909021 4.79993
2356000 301.776 0.00909021 5.03382
2360000 300.577 0.00909021 5.10591
2364000 299.836 0.00909021 4.96139
2368000 300.783 0.00909021 4.92874
2372000 302.258 0.00909021 4.99196
2376000 301.374 0.00909021 5.09673
2380000 300.756 0.00909021 5.0329
2384000 298.513 0.00909021 4.97394
2388000 300.706 0.00909021 5.0301
2392000 304.651 0.00909021 5.01549
2396000 298.91 0.00909021 4.9215
2400000 300.356 0.00909021 4.87387
2404000 300.227 0.00909021 5.00845
2408000 298.921 0.00909021 4.86666
2412000 299.325 0.00909021 5.04402
2416000 299.97 0.00909021 4.97695
2420000 300.186 0.00909021 5.14618
2424000 300.25 0.00909021 4.96857
2428000 299.742 0.00909021 4.85603
2432000 299.095 0.00909021 5.00285
2436000 302.202 0.00909021 5.08508
2440000 299.652 0.00909021 4.91195
2444000 298.855 0.00909021 4.95493
2448000 300.358 0.00909021 4.9602
2452000 297.612 0.00909021 4.97994
2456000 299.263 0.00909021 4.98128
2460000 299.948 0.00909021 5.06044
2464000 299.739 0.00909021 5.00831
2468000 299.219 0.00909021 4.96829
2472000 300.871 0.00909021 4.92564
2476000 300.962 0.00909021 5.07146
2480000 300.178 0.00909021 4.93149
2484000 302.26 0.00909021 5.00092
2488000 301.253 0.00909021 4.95731
2492000 299.357 0.00909021 5.04557
2496000 300.859 0.00909021 4.89268
2500000 300.644 0.00909021 5.05711
2504000 299.388 0.00909021 4.97458
2508000 301.786 0.00909021 4.91192
2512000 300.68 0.00909021 4.99793
2516000 301.172 0.00909021 5.03567
2520000 299.866 0.00909021 4.92022
2524000 299.121 0.00909021 4.94241
2528000 299.778 0.00909021 5.05815
2532000 298.77 0.00909021 4.93424
2536000 299.542 0.00909021 4.84528
2540000 300.028 0.00909021 5.00704
2544000 300.655 0.00909021 5.17384
2548000 300.802 0.00909021 4.99511
2552000 297.523 0.00909021 4.94411
2556000 298.393 0.00909021 4.99997
2560000 299.692 0.00909021 4.95118
2564000 301.766 0.00909021 5.0128
2568000 300.521 0.00909021 5.02514
2572000 300.014 0.00909021 4.93211
2576000 299.254 0.00909021 4.98947
2580000 300.465 0.00909021 4.98849
2584000 300.065 0.00909021 5.01529
2588000 301.23 0.00909021 4.98362
2592000 301.381 0.00909021 5.00287
2596000 300.214 0.00909021 5.07235
2600000 298.836 0.00909021 4.96224
2604000 301.108 0.00909021 4.94581
2608000 299.617 0.00909021 4.89108
2612000 300.338 0.00909021 4.99281
2616000 301.04 0.00909021 5.0316
2620000 300.36 0.00909021 4.98353
2624000 297.867 0.00909021 4.99015
2628000 300.538 0.00909021 4.96824
2632000 300.067 0.00909021 4.74287
2636000 301.24 0.00909021 5.17837
2640000 301.157 0.00909021 5.09649
2644000 300.621 0.00909021 5.14428
2648000 301.024 0.00909021 4.89902
2652000 302.997 0.00909021 5.0654
2656000 300.207 0.00909021 5.00831
2660000 298.971 0.00909021 4.95384
2664000 300.457 0.00909021 4.83827
2668000 301.128 0.00909021 4.956
2672000 300.669 0.00909021 5.04176
2676000 299.758 0.00909021 4.9444
2680000 300.209 0.00909021 5.06888
2684000 301.252 0.00909021 5.09497
2688000 299.272 0.00909021 4.85773
2692000 302.743 0.00909021 5.05562
2696000 301.692 0.00909021 5.03002
2700000 300.369 0.00909021 5.05129
2704000 299.742 0.00909021 5.00553
2708000 301.401 0.00909021 4.95753
2712000 301.662 0.00909021 4.98529
2716000 301.379 0.00909021 4.97392
2720000 300.278 0.00909021 5.01922
2724000 301.113 0.00909021 4.98782
2728000 299.543 0.00909021 4.90875
2732000 300.906 0.00909021 4.94543
2736000 301.617 0.00909021 5.02749
2740000 301.604 0.00909021 4.99886
2744000 299.342 0.00909021 4.84434
2748000 300.123 0.00909021 5.044
2752000 301.928 0.00909021 4.99838
2756000 301.048 0.00909021 4.97016
2760000 300 0.00909021 4.93316
2764000 301.786 0.00909021 4.96637
2768000 301.459 0.00909021 4.95984
2772000 301.519 0.00909021 5.1076
2776000 301.346 0.00909021 4.9784
2780000 302.462 0.00909021 4.86833
2784000 301.193 0.00909021 5.01334
2788000 301.032 0.00909021 5.03366
2792000 302.019 0.00909021 4.93235
2796000 301.102 0.00909021 5.03539
2800000 300.037 0.00909021 4.93027
2804000 298.589 0.00909021 5.00915
2808000 299.839 0.00909021 5.02508
2812000 300.043 0.00909021 5.0552
2816000 299.7 0.00909021 4.95576
2820000 300.536 0.00909021 5.13388
2824000 300.527 0.00909021 5.05828
2828000 300.592 0.00909021 4.64707
2832000 300.188 0.00909021 5.0397
2836000 301.057 0.00909021 4.98077
2840000 301.211 0.00909021 5.02111
2844000 301.395 0.00909021 4.9509
2848000 299.759 0.00909021 5.00715
2852000 299.478 0.00909021 4.81636
2856000 300.992 0.00909021 4.9429
2860000 300.465 0.00909021 4.9051
2864000 299.355 0.00909021 4.883
2868000 300.917 0.00909021 4.95459
2872000 298.996 0.00909021 4.94842
2876000 300.774 0.00909021 4.94198
2880000 300.009 0.00909021 5.01033
2884000 300.355 0.00909021 4.91712
2888000 299.765 0.00909021 4.92735
2892000 300.74 0.00909021 5.03298
2896000 300.421 0.00909021 4.92151
2900000 300.656 0.00909021 4.96459
2904000 301.618 0.00909021 4.96024
2908000 299.287 0.00909021 4.98653
2912000 299.157 0.00909021 4.97756
2916000 298.92 0.00909021 4.95181
2920000 301.63 0.00909021 5.18553
2924000 298.79 0.00909021 5.00271
2928000 299.019 0.00909021 5.1548
2932000 300.359 0.00909021 4.94877
2936000 300.942 0.00909021 5.10117
2940000 299.313 0.00909021 5.02454
2944000 302.512 0.00909021 5.03817
2948000 300.329 0.00909021 4.96189
2952000 297.878 0.00909021 4.9968
2956000 300.261 0.00909021 4.97794
2960000 299.379 0.00909021 4.96978
2964000 297.953 0.00909021 4.88372
2968000 299.978 0.00909021 4.96145
2972000 300.788 0.00909021 5.06682
2976000 299.731 0.00909021 4.97862
2980000 299.996 0.00909021 4.98523
2984000 300.262 0.00909021 5.08963
2988000 302.593 0.00909021 4.93908
2992000 301.167 0.00909021 5.00366
2996000 297.181 0.00909021 4.95774
3000000 300.394 0.00909021 4.96062
3004000 299.192 0.00909021 5.07433
3008000 300.176 0.00909021 4.80334
3012000 300.676 0.00909021 5.26203
3016000 300.359 0.00909021 4.97347
3020000 300.052 0.00909021 5.02825
3024000 300.915 0.00909021 4.97842
3028000 300.89 0.00909021 5.06589
3032000 300.16 0.00909021 4.93923
3036000 301.398 0.00909021 4.9989
3040000 300.223 0.00909021 4.96857
3044000 299.992 0.00909021 4.96572
3048000 299.08 0.00909021 4.95577
3052000 300.19 0.00909021 4.953
3056000 300.617 0.00909021 4.95195
3060000 301.798 0.00909021 4.99036
3064000 298.927 0.00909021 5.01106
3068000 300.481 0.00909021 4.92873
3072000 301.868 0.00909021 4.99504
3076000 301.4 0.00909021 5.01443
3080000 299.946 0.00909021 5.10432
3084000 299.535 0.00909021 4.90383
3088000 300.86 0.00909021 5.01227
3092000 300.776 0.00909021 4.90913
3096000 300.878 0.00909021 5.00539
3100000 299.322 0.00909021 4.97777
3104000 300.457 0.00909021 5.002
3108000 301.891 0.00909021 5.09461
3112000 299.63 0.00909021 4.99125
3116000 300.085 0.00909021 5.01806
3120000 299.645 0.00909021 5.01533
3124000 299.938 0.00909021 4.83355
3128000 301.888 0.00909021 5.03471
3132000 297.913 0.00909021 4.9419
3136000 300.724 0.00909021 5.03738
3140000 299.463 0.00909021 5.05785
3144000 301.76 0.00909021 4.9363
3148000 298.66 0.00909021 4.93801
3152000 302.855 0.00909021 5.03177
3156000 301.37 0.00909021 5.1311
3160000 301.305 0.00909021 4.9326
3164000 297.911 0.00909021 4.73859
3168000 299.606 0.00909021 5.08891
3172000 301.457 0.00909021 4.9644
3176000 301.776 0.00909021 4.98897
3180000 299.302 0.00909021 5.03419
3184000 301.421 0.00909021 4.95834
3188000 301.856 0.00909021 5.09707
3192000 300.398 0.00909021 5.00611
3196000 302.37 0.00909021 5.05923
3200000 299.629 0.00909021 4.69648
3204000 300.097 0.00909021 5.23903
3208000 298.381 0.00909021 4.93585
3212000 299.375 0.00909021 5.13976
3216000 301.647 0.00909021 5.02547
3220000 299.681 0.00909021 5.04648
3224000 299.677 0.00909021 4.95099
3228000 299.744 0.00909021 4.95528
3232000 299.226 0.00909021 4.98128
3236000 301.194 0.00909021 4.98204
3240000 300.949 0.00909021 5.1048
3244000 302.49 0.00909021 4.96399
3248000 298.471 0.00909021 4.95476
3252000 300.014 0.00909021 5.014
3256000 301.488 0.00909021 5.15566
3260000 302.492 0.00909021 5.13813
3264000 299.027 0.00909021 4.992
3268000 299.603 0.00909021 4.90512
3272000 300.034 0.00909021 4.98765
3276000 300.982 0.00909021 5.20917
3280000 298.609 0.00909021 4.80905
3284000 300.371 0.00909021 4.96348
3288000 299.645 0.00909021 5.02138
3292000 299.101 0.00909021 4.92216
3296000 301.07 0.00909021 4.87253
3300000 300.707 0.00909021 4.97031
3304000 302.076 0.00909021 5.04616
3308000 298.442 0.00909021 4.94284
3312000 299.19 0.00909021 4.99155
3316000 298.406 0.00909021 4.87449
3320000 299.701 0.00909021 4.98377
3324000 300.299 0.00909021 4.85539
3328000 300.371 0.00909021 5.10586
3332000 298.991 0.00909021 4.94652
3336000 299.666 0.00909021 5.10235
3340000 299.584 0.00909021 4.99802
3344000 301.263 0.00909021 5.0622
3348000 301.117 0.00909021 4.96647
3352000 301.885 0.00909021 5.02453
3356000 299.307 0.00909021 4.89512
3360000 299.087 0.00909021 4.99997
3364000 302.071 0.00909021 5.03557
3368000 298.568 0.00909021 5.04017
3372000 299.095 0.00909021 5.07068
3376000 301.713 0.00909021 4.97089
3380000 298.871 0.00909021 5.00124
3384000 300.256 0.00909021 4.98425
3388000 300.585 0.00909021 4.8834
3392000 297.752 0.00909021 5.01921
3396000 300.661 0.00909021 5.04502
3400000 301.962 0.00909021 5.10908
3404000 298.833 0.00909021 5.02647
3408000 300.265 0.00909021 5.01913
3412000 299.754 0.00909021 4.9611
3416000 300.506 0.00909021 4.99402
3420000 300.287 0.00909021 5.03423
3424000 301.804 0.00909021 4.97687
3428000 299.643 0.00909021 4.95929
3432000 300.69 0.00909021 5.06774
3436000 301.382 0.00909021 5.01993
3440000 301.575 0.00909021 4.7961
3444000 298.875 0.00909021 5.11064
3448000 300.824 0.00909021 4.94608
3452000 299.9 0.00909021 5.00769
3456000 300.401 0.00909021 5.09321
3460000 302.247 0.00909021 4.97489
3464000 300.64 0.00909021 5.14948
3468000 302.082 0.00909021 4.96287
3472000 299.622 0.00909021 4.98214
3476000 302.061 0.00909021 5.014
3480000 300.519 0.00909021 5.03722
3484000 300.015 0.00909021 5.04396
3488000 301.911 0.00909021 5.01609
3492000 299.113 0.00909021 4.93576
3496000 300.907 0.00909021 5.03117
3500000 301.751 0.00909021 5.12856
3504000 301.385 0.00909021 5.01183
3508000 301.237 0.00909021 5.07018
3512000 297.525 0.00909021 4.87599
3516000 298.985 0.00909021 4.95354
3520000 300.141 0.00909021 4.9002
3524000 301.534 0.00909021 4.95239
3528000 299.825 0.00909021 4.95423
3532000 300.417 0.00909021 5.15086
3536000 299.813 0.00909021 5.03876
3540000 300.068 0.00909021 5.02317
3544000 300.373 0.00909021 4.91441
3548000 302.206 0.00909021 5.11169
3552000 301.293 0.00909021 4.97692
3556000 301.119 0.00909021 5.09517
3560000 301.806 0.00909021 4.98302
3564000 298.807 0.00909021 4.98483
3568000 299.386 0.00909021 4.9535
3572000 300.969 0.00909021 5.05503
3576000 300.501 0.00909021 5.018
3580000 299.903 0.00909021 5.02245
3584000 300.019 0.00909021 5.04739
3588000 300.817 0.00909021 4.96527
3592000 299.996 0.00909021 4.97055
3596000 299.329 0.00909021 4.96425
3600000 299.764 0.00909021 4.95137
3604000 301.443 0.00909021 4.96481
3608000 299.74 0.00909021 5.1578
3612000 300.329 0.00909021 4.99214
3616000 301.429 0.00909021 4.85871
3620000 300.946 0.00909021 5.02496
3624000 300.348 0.00909021 4.90341
3628000 300.063 0.00909021 5.02662
3632000 300.55 0.00909021 4.97759
3636000 301.546 0.00909021 5.11868
3640000 299.88 0.00909021 4.94884
3644000 300.627 0.00909021 4.99957
3648000 299.27 0.00909021 5.04458
3652000 299.361 0.00909021 5.0581
3656000 300.809 0.00909021 4.88734
3660000 299.837 0.00909021 4.99245
3664000 299.435 0.00909021 4.93952
3668000 299.333 0.00909021 4.99136
3672000 299.345 0.00909021 4.9127
3676000 300.409 0.00909021 4.98103
3680000 299.325 0.00909021 4.87942
3684000 300.58 0.00909021 5.00243
3688000 300.083 0.00909021 5.03696
3692000 300.218 0.00909021 5.04818
3696000 299.089 0.00909021 4.88401
3700000 299.108 0.00909021 4.97823
3704000 301.336 0.00909021 5.02105
3708000 299.21 0.00909021 4.8628
3712000 298.623 0.00909021 4.88191
3716000 300.324 0.00909021 4.98106
3720000 300.109 0.00909021 5.00697
3724000 301.492 0.00909021 4.82127
3728000 301.978 0.00909021 5.10752
3732000 300.429 0.00909021 4.91475
3736000 301.955 0.00909021 5.01522
3740000 299.275 0.00909021 4.93499
3744000 300.772 0.00909021 4.95097
3748000 298.55 0.00909021 4.90128
3752000 300.566 0.00909021 4.99328
3756000 300.36 0.00909021 4.94307
3760000 300.016 0.00909021 4.98673
3764000 300.308 0.00909021 4.91606
3768000 298.679 0.00909021 5.00473
3772000 299.466 0.00909021 4.95646
3776000 300.893 0.00909021 4.97849
3780000 299.783 0.00909021 4.9482
3784000 300.17 0.00909021 5.00287
3788000 300.678 0.00909021 4.96971
3792000 301.704 0.00909021 4.991
3796000 299.642 0.00909021 4.92758
3800000 301.44 0.00909021 5.01922
3804000 301.206 0.00909021 4.97713
3808000 301.491 0.00909021 4.91442
3812000 299.929 0.00909021 4.96423
3816000 301.018 0.00909021 5.01846
3820000 301.492 0.00909021 5.09171
3824000 301.892 0.00909021 5.00899
3828000 301.487 0.00909021 4.95807
3832000 301.237 0.00909021 4.97732
3836000 298.362 0.00909021 4.88383
3840000 300.731 0.00909021 5.02584
3844000 299.028 0.00909021 4.93247
3848000 300.145 0.00909021 5.11806
3852000 301.177 0.00909021 4.84354
3856000 299.576 0.00909021 4.915
3860000 300.065 0.00909021 4.96618
3864000 302.085 0.00909021 5.16121
3868000 300.401 0.00909021 4.99617
3872000 300.413 0.00909021 4.91965
3876000 298.749 0.00909021 4.90757
3880000 300.9 0.00909021 4.99258
3884000 300.83 0.00909021 4.9943
3888000 299.178 0.00909021 4.88053
3892000 301.991 0.00909021 5.08581
3896000 299.82 0.00909021 4.97799
3900000 298.901 0.00909021 4.95705
3904000 300.031 0.00909021 5.00687
3908000 298.095 0.00909021 5.00057
3912000 298.156 0.00909021 4.90119
3916000 299.572 0.00909021 5.05864
3920000 299.918 0.00909021 4.94724
3924000 300.367 0.00909021 5.0054
3928000 301.412 0.00909021 5.12759
3932000 299.93 0.00909021 4.92586
3936000 299.998 0.00909021 5.09984
3940000 298.88 0.00909021 4.92657
3944000 298.627 0.00909021 5.06831
3948000 301.919 0.00909021 4.99331
3952000 300.209 0.00909021 5.023
3956000 300.356 0.00909021 5.07432
3960000 299.026 0.00909021 5.00469
3964000 301.363 0.00909021 4.95947
3968000 301.02 0.00909021 4.96125
3972000 300.991 0.00909021 5.14869
3976000 299.469 0.00909021 4.95215
3980000 301.534 0.00909021 5.02667
3984000 301.951 0.00909021 5.08856
3988000 300.441 0.00909021 5.0667
3992000 299.792 0.00909021 4.99498
3996000 298.872 0.00909021 5.0541
4000000 300.166 0.00909021 5.01997
